ScanNumber	ImageOrSpectrum	FullOrROI	AcquireOrFocus	NumFrames	NumAccum	ExposureTime	ROIX1Start	ROIX1End	ROIY1Start	ROIY1End	HHG(mbar)	Target(mbar)	ValveHHG	ValveTarget	ZPositionHHG	ZPositionTarget	InitialPower	IrisPosition	TDPosition	XPositionTarget	Wedge1Pos	Wedge2Pos	MirrorFarX	MirrorFarY	MirrorNearX	MirrorNearY	CEP	Notes
1460	SPC	ROI	ACQ	1	1	80	1	1340	138	260	103.948	67.002	0.000	0.000	0.000	0.000	0.000	60.000	100.00	0.000	0.000	0.000	0.000	0.000	0.000	0.000	0.000	
1461	SPC	ROI	ACQ	1	1	80	1	1340	138	260	103.948	67.002	0.000	0.000	0.000	0.000	0.000	60.000	100.00	0.000	0.000	0.000	0.000	0.000	0.000	0.000	0.000	
1462	SPC	ROI	ACQ	1	1	80	1	1340	138	260	103.916	66.753	0.000	0.000	0.000	0.000	0.000	60.000	100.00	0.000	0.000	0.000	0.000	0.000	0.000	0.000	0.000	
1463	SPC	ROI	ACQ	1	1	80	1	1340	138	260	103.908	66.865	0.000	0.000	0.000	0.000	0.000	60.000	100.20	0.000	0.000	0.000	0.000	0.000	0.000	0.000	0.000	
1464	SPC	ROI	ACQ	1	1	80	1	1340	138	260	103.908	66.865	0.000	0.000	0.000	0.000	0.000	60.000	100.20	0.000	0.000	0.000	0.000	0.000	0.000	0.000	0.000	
1465	SPC	ROI	ACQ	1	1	80	1	1340	138	260	103.908	66.865	0.000	0.000	0.000	0.000	0.000	60.000	100.20	0.000	0.000	0.000	0.000	0.000	0.000	0.000	0.000	
1466	SPC	ROI	ACQ	1	1	80	1	1340	138	260	103.932	66.785	0.000	0.000	0.000	0.000	0.000	60.000	100.40	0.000	0.000	0.000	0.000	0.000	0.000	0.000	0.000	
1467	SPC	ROI	ACQ	1	1	80	1	1340	138	260	104.085	67.099	0.000	0.000	0.000	0.000	0.000	60.000	100.40	0.000	0.000	0.000	0.000	0.000	0.000	0.000	0.000	
1468	SPC	ROI	ACQ	1	1	80	1	1340	138	260	104.085	67.099	0.000	0.000	0.000	0.000	0.000	60.000	100.40	0.000	0.000	0.000	0.000	0.000	0.000	0.000	0.000	
1469	SPC	ROI	ACQ	1	1	80	1	1340	138	260	104.028	66.825	0.000	0.000	0.000	0.000	0.000	60.000	100.60	0.000	0.000	0.000	0.000	0.000	0.000	0.000	0.000	
1470	SPC	ROI	ACQ	1	1	80	1	1340	138	260	104.028	66.825	0.000	0.000	0.000	0.000	0.000	60.000	100.60	0.000	0.000	0.000	0.000	0.000	0.000	0.000	0.000	
1471	SPC	ROI	ACQ	1	1	80	1	1340	138	260	103.988	66.817	0.000	0.000	0.000	0.000	0.000	60.000	100.60	0.000	0.000	0.000	0.000	0.000	0.000	0.000	0.000	
1472	SPC	ROI	ACQ	1	1	80	1	1340	138	260	104.141	66.857	0.000	0.000	0.000	0.000	0.000	60.000	100.80	0.000	0.000	0.000	0.000	0.000	0.000	0.000	0.000	
1473	SPC	ROI	ACQ	1	1	80	1	1340	138	260	103.972	66.688	0.000	0.000	0.000	0.000	0.000	60.000	100.80	0.000	0.000	0.000	0.000	0.000	0.000	0.000	0.000	
1474	SPC	ROI	ACQ	1	1	80	1	1340	138	260	103.972	66.688	0.000	0.000	0.000	0.000	0.000	60.000	100.80	0.000	0.000	0.000	0.000	0.000	0.000	0.000	0.000	
1475	SPC	ROI	ACQ	1	1	80	1	1340	138	260	104.327	67.059	0.000	0.000	0.000	0.000	0.000	60.000	101.00	0.000	0.000	0.000	0.000	0.000	0.000	0.000	0.000	
1476	SPC	ROI	ACQ	1	1	80	1	1340	138	260	103.819	67.035	0.000	0.000	0.000	0.000	0.000	60.000	101.00	0.000	0.000	0.000	0.000	0.000	0.000	0.000	0.000	
1477	SPC	ROI	ACQ	1	1	80	1	1340	138	260	103.819	67.035	0.000	0.000	0.000	0.000	0.000	60.000	101.00	0.000	0.000	0.000	0.000	0.000	0.000	0.000	0.000	
1478	SPC	ROI	ACQ	1	1	80	1	1340	138	260	103.803	66.785	0.000	0.000	0.000	0.000	0.000	60.000	101.20	0.000	0.000	0.000	0.000	0.000	0.000	0.000	0.000	
1479	SPC	ROI	ACQ	1	1	80	1	1340	138	260	103.803	66.785	0.000	0.000	0.000	0.000	0.000	60.000	101.20	0.000	0.000	0.000	0.000	0.000	0.000	0.000	0.000	
1480	SPC	ROI	ACQ	1	1	80	1	1340	138	260	103.577	66.809	0.000	0.000	0.000	0.000	0.000	60.000	101.20	0.000	0.000	0.000	0.000	0.000	0.000	0.000	0.000	
1481	SPC	ROI	ACQ	1	1	80	1	1340	138	260	103.577	66.809	0.000	0.000	0.000	0.000	0.000	60.000	101.40	0.000	0.000	0.000	0.000	0.000	0.000	0.000	0.000	
1482	SPC	ROI	ACQ	1	1	80	1	1340	138	260	103.948	66.624	0.000	0.000	0.000	0.000	0.000	60.000	101.40	0.000	0.000	0.000	0.000	0.000	0.000	0.000	0.000	
1483	SPC	ROI	ACQ	1	1	80	1	1340	138	260	103.996	66.841	0.000	0.000	0.000	0.000	0.000	60.000	101.40	0.000	0.000	0.000	0.000	0.000	0.000	0.000	0.000	
1484	SPC	ROI	ACQ	1	1	80	1	1340	138	260	104.391	66.817	0.000	0.000	0.000	0.000	0.000	60.000	101.60	0.000	0.000	0.000	0.000	0.000	0.000	0.000	0.000	
1485	SPC	ROI	ACQ	1	1	80	1	1340	138	260	104.391	66.817	0.000	0.000	0.000	0.000	0.000	60.000	101.60	0.000	0.000	0.000	0.000	0.000	0.000	0.000	0.000	
1486	SPC	ROI	ACQ	1	1	80	1	1340	138	260	104.230	67.091	0.000	0.000	0.000	0.000	0.000	60.000	101.60	0.000	0.000	0.000	0.000	0.000	0.000	0.000	0.000	
1487	SPC	ROI	ACQ	1	1	80	1	1340	138	260	103.835	66.761	0.000	0.000	0.000	0.000	0.000	60.000	101.80	0.000	0.000	0.000	0.000	0.000	0.000	0.000	0.000	
1488	SPC	ROI	ACQ	1	1	80	1	1340	138	260	103.835	66.761	0.000	0.000	0.000	0.000	0.000	60.000	101.80	0.000	0.000	0.000	0.000	0.000	0.000	0.000	0.000	
1489	SPC	ROI	ACQ	1	1	80	1	1340	138	260	104.173	66.857	0.000	0.000	0.000	0.000	0.000	60.000	101.80	0.000	0.000	0.000	0.000	0.000	0.000	0.000	0.000	
1490	SPC	ROI	ACQ	1	1	80	1	1340	138	260	103.867	66.664	0.000	0.000	0.000	0.000	0.000	60.000	102.00	0.000	0.000	0.000	0.000	0.000	0.000	0.000	0.000	
1491	SPC	ROI	ACQ	1	1	80	1	1340	138	260	103.867	66.664	0.000	0.000	0.000	0.000	0.000	60.000	102.00	0.000	0.000	0.000	0.000	0.000	0.000	0.000	0.000	
1492	SPC	ROI	ACQ	1	1	80	1	1340	138	260	103.859	66.704	0.000	0.000	0.000	0.000	0.000	60.000	102.00	0.000	0.000	0.000	0.000	0.000	0.000	0.000	0.000	
1493	SPC	ROI	ACQ	1	1	80	1	1340	138	260	104.012	66.809	0.000	0.000	0.000	0.000	0.000	60.000	102.20	0.000	0.000	0.000	0.000	0.000	0.000	0.000	0.000	
1494	SPC	ROI	ACQ	1	1	80	1	1340	138	260	104.012	66.809	0.000	0.000	0.000	0.000	0.000	60.000	102.20	0.000	0.000	0.000	0.000	0.000	0.000	0.000	0.000	
1495	SPC	ROI	ACQ	1	1	80	1	1340	138	260	104.012	66.809	0.000	0.000	0.000	0.000	0.000	60.000	102.20	0.000	0.000	0.000	0.000	0.000	0.000	0.000	0.000	
1496	SPC	ROI	ACQ	1	1	80	1	1340	138	260	104.157	66.769	0.000	0.000	0.000	0.000	0.000	60.000	102.40	0.000	0.000	0.000	0.000	0.000	0.000	0.000	0.000	
1497	SPC	ROI	ACQ	1	1	80	1	1340	138	260	103.803	66.986	0.000	0.000	0.000	0.000	0.000	60.000	102.40	0.000	0.000	0.000	0.000	0.000	0.000	0.000	0.000	
1498	SPC	ROI	ACQ	1	1	80	1	1340	138	260	103.803	66.986	0.000	0.000	0.000	0.000	0.000	60.000	102.40	0.000	0.000	0.000	0.000	0.000	0.000	0.000	0.000	
1499	SPC	ROI	ACQ	1	1	80	1	1340	138	260	103.932	66.849	0.000	0.000	0.000	0.000	0.000	60.000	102.60	0.000	0.000	0.000	0.000	0.000	0.000	0.000	0.000	
1500	SPC	ROI	ACQ	1	1	80	1	1340	138	260	103.932	66.849	0.000	0.000	0.000	0.000	0.000	60.000	102.60	0.000	0.000	0.000	0.000	0.000	0.000	0.000	0.000	
1501	SPC	ROI	ACQ	1	1	80	1	1340	138	260	103.916	66.841	0.000	0.000	0.000	0.000	0.000	60.000	102.60	0.000	0.000	0.000	0.000	0.000	0.000	0.000	0.000	
1502	SPC	ROI	ACQ	1	1	80	1	1340	138	260	103.916	66.841	0.000	0.000	0.000	0.000	0.000	60.000	102.80	0.000	0.000	0.000	0.000	0.000	0.000	0.000	0.000	
1503	SPC	ROI	ACQ	1	1	80	1	1340	138	260	103.875	66.825	0.000	0.000	0.000	0.000	0.000	60.000	102.80	0.000	0.000	0.000	0.000	0.000	0.000	0.000	0.000	
1504	SPC	ROI	ACQ	1	1	80	1	1340	138	260	103.875	66.825	0.000	0.000	0.000	0.000	0.000	60.000	102.80	0.000	0.000	0.000	0.000	0.000	0.000	0.000	0.000	
1505	SPC	ROI	ACQ	1	1	80	1	1340	138	260	103.875	66.857	0.000	0.000	0.000	0.000	0.000	60.000	103.00	0.000	0.000	0.000	0.000	0.000	0.000	0.000	0.000	
1506	SPC	ROI	ACQ	1	1	80	1	1340	138	260	103.875	66.857	0.000	0.000	0.000	0.000	0.000	60.000	103.00	0.000	0.000	0.000	0.000	0.000	0.000	0.000	0.000	
1507	SPC	ROI	ACQ	1	1	80	1	1340	138	260	104.045	67.091	0.000	0.000	0.000	0.000	0.000	60.000	103.00	0.000	0.000	0.000	0.000	0.000	0.000	0.000	0.000	
1508	SPC	ROI	ACQ	1	1	80	1	1340	138	260	104.045	67.091	0.000	0.000	0.000	0.000	0.000	60.000	103.20	0.000	0.000	0.000	0.000	0.000	0.000	0.000	0.000	
1509	SPC	ROI	ACQ	1	1	80	1	1340	138	260	104.133	66.712	0.000	0.000	0.000	0.000	0.000	60.000	103.20	0.000	0.000	0.000	0.000	0.000	0.000	0.000	0.000	
1510	SPC	ROI	ACQ	1	1	80	1	1340	138	260	104.133	66.712	0.000	0.000	0.000	0.000	0.000	60.000	103.20	0.000	0.000	0.000	0.000	0.000	0.000	0.000	0.000	
1511	SPC	ROI	ACQ	1	1	80	1	1340	138	260	103.827	66.801	0.000	0.000	0.000	0.000	0.000	60.000	103.40	0.000	0.000	0.000	0.000	0.000	0.000	0.000	0.000	
1512	SPC	ROI	ACQ	1	1	80	1	1340	138	260	104.004	66.817	0.000	0.000	0.000	0.000	0.000	60.000	103.40	0.000	0.000	0.000	0.000	0.000	0.000	0.000	0.000	
1513	SPC	ROI	ACQ	1	1	80	1	1340	138	260	104.004	66.817	0.000	0.000	0.000	0.000	0.000	60.000	103.40	0.000	0.000	0.000	0.000	0.000	0.000	0.000	0.000	
1514	SPC	ROI	ACQ	1	1	80	1	1340	138	260	103.891	66.954	0.000	0.000	0.000	0.000	0.000	60.000	103.60	0.000	0.000	0.000	0.000	0.000	0.000	0.000	0.000	
1515	SPC	ROI	ACQ	1	1	80	1	1340	138	260	103.891	66.954	0.000	0.000	0.000	0.000	0.000	60.000	103.60	0.000	0.000	0.000	0.000	0.000	0.000	0.000	0.000	
1516	SPC	ROI	ACQ	1	1	80	1	1340	138	260	103.924	66.535	0.000	0.000	0.000	0.000	0.000	60.000	103.60	0.000	0.000	0.000	0.000	0.000	0.000	0.000	0.000	
1517	SPC	ROI	ACQ	1	1	80	1	1340	138	260	103.924	66.535	0.000	0.000	0.000	0.000	0.000	60.000	103.80	0.000	0.000	0.000	0.000	0.000	0.000	0.000	0.000	
1518	SPC	ROI	ACQ	1	1	80	1	1340	138	260	103.835	66.874	0.000	0.000	0.000	0.000	0.000	60.000	103.80	0.000	0.000	0.000	0.000	0.000	0.000	0.000	0.000	
1519	SPC	ROI	ACQ	1	1	80	1	1340	138	260	103.835	66.874	0.000	0.000	0.000	0.000	0.000	60.000	103.80	0.000	0.000	0.000	0.000	0.000	0.000	0.000	0.000	
1520	SPC	ROI	ACQ	1	1	80	1	1340	138	260	103.980	66.704	0.000	0.000	0.000	0.000	0.000	60.000	104.00	0.000	0.000	0.000	0.000	0.000	0.000	0.000	0.000	
1521	SPC	ROI	ACQ	1	1	80	1	1340	138	260	103.980	66.704	0.000	0.000	0.000	0.000	0.000	60.000	104.00	0.000	0.000	0.000	0.000	0.000	0.000	0.000	0.000	
1522	SPC	ROI	ACQ	1	1	80	1	1340	138	260	103.771	67.043	0.000	0.000	0.000	0.000	0.000	60.000	104.00	0.000	0.000	0.000	0.000	0.000	0.000	0.000	0.000	
1523	SPC	ROI	ACQ	1	1	80	1	1340	138	260	104.036	66.745	0.000	0.000	0.000	0.000	0.000	60.000	104.20	0.000	0.000	0.000	0.000	0.000	0.000	0.000	0.000	
1524	SPC	ROI	ACQ	1	1	80	1	1340	138	260	104.036	66.745	0.000	0.000	0.000	0.000	0.000	60.000	104.20	0.000	0.000	0.000	0.000	0.000	0.000	0.000	0.000	
1525	SPC	ROI	ACQ	1	1	80	1	1340	138	260	104.036	66.745	0.000	0.000	0.000	0.000	0.000	60.000	104.20	0.000	0.000	0.000	0.000	0.000	0.000	0.000	0.000	
1526	SPC	ROI	ACQ	1	1	80	1	1340	138	260	103.996	66.720	0.000	0.000	0.000	0.000	0.000	60.000	104.40	0.000	0.000	0.000	0.000	0.000	0.000	0.000	0.000	
1527	SPC	ROI	ACQ	1	1	80	1	1340	138	260	103.900	66.994	0.000	0.000	0.000	0.000	0.000	60.000	104.40	0.000	0.000	0.000	0.000	0.000	0.000	0.000	0.000	
1528	SPC	ROI	ACQ	1	1	80	1	1340	138	260	103.900	66.994	0.000	0.000	0.000	0.000	0.000	60.000	104.40	0.000	0.000	0.000	0.000	0.000	0.000	0.000	0.000	
1529	SPC	ROI	ACQ	1	1	80	1	1340	138	260	104.335	66.946	0.000	0.000	0.000	0.000	0.000	60.000	104.60	0.000	0.000	0.000	0.000	0.000	0.000	0.000	0.000	
1530	SPC	ROI	ACQ	1	1	80	1	1340	138	260	103.682	66.865	0.000	0.000	0.000	0.000	0.000	60.000	104.60	0.000	0.000	0.000	0.000	0.000	0.000	0.000	0.000	
1531	SPC	ROI	ACQ	1	1	80	1	1340	138	260	103.682	66.865	0.000	0.000	0.000	0.000	0.000	60.000	104.60	0.000	0.000	0.000	0.000	0.000	0.000	0.000	0.000	
1532	SPC	ROI	ACQ	1	1	80	1	1340	138	260	103.964	66.865	0.000	0.000	0.000	0.000	0.000	60.000	104.80	0.000	0.000	0.000	0.000	0.000	0.000	0.000	0.000	
1533	SPC	ROI	ACQ	1	1	80	1	1340	138	260	103.964	66.865	0.000	0.000	0.000	0.000	0.000	60.000	104.80	0.000	0.000	0.000	0.000	0.000	0.000	0.000	0.000	
1534	SPC	ROI	ACQ	1	1	80	1	1340	138	260	103.932	66.849	0.000	0.000	0.000	0.000	0.000	60.000	104.80	0.000	0.000	0.000	0.000	0.000	0.000	0.000	0.000	
1535	SPC	ROI	ACQ	1	1	80	1	1340	138	260	103.932	66.849	0.000	0.000	0.000	0.000	0.000	60.000	105.00	0.000	0.000	0.000	0.000	0.000	0.000	0.000	0.000	
1536	SPC	ROI	ACQ	1	1	80	1	1340	138	260	104.141	67.099	0.000	0.000	0.000	0.000	0.000	60.000	105.00	0.000	0.000	0.000	0.000	0.000	0.000	0.000	0.000	
1537	SPC	ROI	ACQ	1	1	80	1	1340	138	260	104.141	67.099	0.000	0.000	0.000	0.000	0.000	60.000	105.00	0.000	0.000	0.000	0.000	0.000	0.000	0.000	0.000	
1538	SPC	ROI	ACQ	1	1	80	1	1340	138	260	103.690	66.898	0.000	0.000	0.000	0.000	0.000	60.000	105.20	0.000	0.000	0.000	0.000	0.000	0.000	0.000	0.000	
1539	SPC	ROI	ACQ	1	1	80	1	1340	138	260	103.690	66.898	0.000	0.000	0.000	0.000	0.000	60.000	105.20	0.000	0.000	0.000	0.000	0.000	0.000	0.000	0.000	
1540	SPC	ROI	ACQ	1	1	80	1	1340	138	260	104.238	66.656	0.000	0.000	0.000	0.000	0.000	60.000	105.20	0.000	0.000	0.000	0.000	0.000	0.000	0.000	0.000	
1541	SPC	ROI	ACQ	1	1	80	1	1340	138	260	103.746	66.938	0.000	0.000	0.000	0.000	0.000	60.000	105.40	0.000	0.000	0.000	0.000	0.000	0.000	0.000	0.000	
1542	SPC	ROI	ACQ	1	1	80	1	1340	138	260	103.746	66.938	0.000	0.000	0.000	0.000	0.000	60.000	105.40	0.000	0.000	0.000	0.000	0.000	0.000	0.000	0.000	
1543	SPC	ROI	ACQ	1	1	80	1	1340	138	260	104.085	66.825	0.000	0.000	0.000	0.000	0.000	60.000	105.40	0.000	0.000	0.000	0.000	0.000	0.000	0.000	0.000	
1544	SPC	ROI	ACQ	1	1	80	1	1340	138	260	104.157	66.777	0.000	0.000	0.000	0.000	0.000	60.000	105.60	0.000	0.000	0.000	0.000	0.000	0.000	0.000	0.000	
1545	SPC	ROI	ACQ	1	1	80	1	1340	138	260	104.157	66.777	0.000	0.000	0.000	0.000	0.000	60.000	105.60	0.000	0.000	0.000	0.000	0.000	0.000	0.000	0.000	
1546	SPC	ROI	ACQ	1	1	80	1	1340	138	260	104.149	67.091	0.000	0.000	0.000	0.000	0.000	60.000	105.60	0.000	0.000	0.000	0.000	0.000	0.000	0.000	0.000	
1547	SPC	ROI	ACQ	1	1	80	1	1340	138	260	104.149	67.091	0.000	0.000	0.000	0.000	0.000	60.000	105.80	0.000	0.000	0.000	0.000	0.000	0.000	0.000	0.000	
1548	SPC	ROI	ACQ	1	1	80	1	1340	138	260	104.004	66.672	0.000	0.000	0.000	0.000	0.000	60.000	105.80	0.000	0.000	0.000	0.000	0.000	0.000	0.000	0.000	
1549	SPC	ROI	ACQ	1	1	80	1	1340	138	260	104.101	66.890	0.000	0.000	0.000	0.000	0.000	60.000	105.80	0.000	0.000	0.000	0.000	0.000	0.000	0.000	0.000	
1550	SPC	ROI	ACQ	1	1	80	1	1340	138	260	103.948	66.857	0.000	0.000	0.000	0.000	0.000	60.000	106.00	0.000	0.000	0.000	0.000	0.000	0.000	0.000	0.000	
1551	SPC	ROI	ACQ	1	1	80	1	1340	138	260	103.948	66.857	0.000	0.000	0.000	0.000	0.000	60.000	106.00	0.000	0.000	0.000	0.000	0.000	0.000	0.000	0.000	
1552	SPC	ROI	ACQ	1	1	80	1	1340	138	260	103.843	66.978	0.000	0.000	0.000	0.000	0.000	60.000	106.00	0.000	0.000	0.000	0.000	0.000	0.000	0.000	0.000	
1553	SPC	ROI	ACQ	1	1	80	1	1340	138	260	104.028	67.131	0.000	0.000	0.000	0.000	0.000	60.000	106.20	0.000	0.000	0.000	0.000	0.000	0.000	0.000	0.000	
1554	SPC	ROI	ACQ	1	1	80	1	1340	138	260	104.028	67.131	0.000	0.000	0.000	0.000	0.000	60.000	106.20	0.000	0.000	0.000	0.000	0.000	0.000	0.000	0.000	
1555	SPC	ROI	ACQ	1	1	80	1	1340	138	260	104.794	66.922	0.000	0.000	0.000	0.000	0.000	60.000	106.20	0.000	0.000	0.000	0.000	0.000	0.000	0.000	0.000	
1556	SPC	ROI	ACQ	1	1	80	1	1340	138	260	103.980	67.172	0.000	0.000	0.000	0.000	0.000	60.000	106.40	0.000	0.000	0.000	0.000	0.000	0.000	0.000	0.000	
1557	SPC	ROI	ACQ	1	1	80	1	1340	138	260	103.980	67.172	0.000	0.000	0.000	0.000	0.000	60.000	106.40	0.000	0.000	0.000	0.000	0.000	0.000	0.000	0.000	
1558	SPC	ROI	ACQ	1	1	80	1	1340	138	260	103.980	67.172	0.000	0.000	0.000	0.000	0.000	60.000	106.40	0.000	0.000	0.000	0.000	0.000	0.000	0.000	0.000	
1559	SPC	ROI	ACQ	1	1	80	1	1340	138	260	103.690	66.874	0.000	0.000	0.000	0.000	0.000	60.000	106.60	0.000	0.000	0.000	0.000	0.000	0.000	0.000	0.000	
1560	SPC	ROI	ACQ	1	1	80	1	1340	138	260	104.093	66.737	0.000	0.000	0.000	0.000	0.000	60.000	106.60	0.000	0.000	0.000	0.000	0.000	0.000	0.000	0.000	
1561	SPC	ROI	ACQ	1	1	80	1	1340	138	260	104.093	66.737	0.000	0.000	0.000	0.000	0.000	60.000	106.60	0.000	0.000	0.000	0.000	0.000	0.000	0.000	0.000	
1562	SPC	ROI	ACQ	1	1	80	1	1340	138	260	103.738	66.849	0.000	0.000	0.000	0.000	0.000	60.000	106.80	0.000	0.000	0.000	0.000	0.000	0.000	0.000	0.000	
1563	SPC	ROI	ACQ	1	1	80	1	1340	138	260	103.738	66.849	0.000	0.000	0.000	0.000	0.000	60.000	106.80	0.000	0.000	0.000	0.000	0.000	0.000	0.000	0.000	
1564	SPC	ROI	ACQ	1	1	80	1	1340	138	260	104.069	66.922	0.000	0.000	0.000	0.000	0.000	60.000	106.80	0.000	0.000	0.000	0.000	0.000	0.000	0.000	0.000	
1565	SPC	ROI	ACQ	1	1	80	1	1340	138	260	104.069	66.922	0.000	0.000	0.000	0.000	0.000	60.000	107.00	0.000	0.000	0.000	0.000	0.000	0.000	0.000	0.000	
1566	SPC	ROI	ACQ	1	1	80	1	1340	138	260	104.028	66.745	0.000	0.000	0.000	0.000	0.000	60.000	107.00	0.000	0.000	0.000	0.000	0.000	0.000	0.000	0.000	
1567	SPC	ROI	ACQ	1	1	80	1	1340	138	260	104.077	66.737	0.000	0.000	0.000	0.000	0.000	60.000	107.00	0.000	0.000	0.000	0.000	0.000	0.000	0.000	0.000	
1568	SPC	ROI	ACQ	1	1	80	1	1340	138	260	104.077	66.737	0.000	0.000	0.000	0.000	0.000	60.000	107.20	0.000	0.000	0.000	0.000	0.000	0.000	0.000	0.000	
1569	SPC	ROI	ACQ	1	1	80	1	1340	138	260	103.875	66.865	0.000	0.000	0.000	0.000	0.000	60.000	107.20	0.000	0.000	0.000	0.000	0.000	0.000	0.000	0.000	
1570	SPC	ROI	ACQ	1	1	80	1	1340	138	260	103.875	66.865	0.000	0.000	0.000	0.000	0.000	60.000	107.20	0.000	0.000	0.000	0.000	0.000	0.000	0.000	0.000	
1571	SPC	ROI	ACQ	1	1	80	1	1340	138	260	104.165	66.986	0.000	0.000	0.000	0.000	0.000	60.000	107.40	0.000	0.000	0.000	0.000	0.000	0.000	0.000	0.000	
1572	SPC	ROI	ACQ	1	1	80	1	1340	138	260	103.916	66.809	0.000	0.000	0.000	0.000	0.000	60.000	107.40	0.000	0.000	0.000	0.000	0.000	0.000	0.000	0.000	
1573	SPC	ROI	ACQ	1	1	80	1	1340	138	260	103.916	66.809	0.000	0.000	0.000	0.000	0.000	60.000	107.40	0.000	0.000	0.000	0.000	0.000	0.000	0.000	0.000	
1574	SPC	ROI	ACQ	1	1	80	1	1340	138	260	104.230	66.882	0.000	0.000	0.000	0.000	0.000	60.000	107.60	0.000	0.000	0.000	0.000	0.000	0.000	0.000	0.000	
1575	SPC	ROI	ACQ	1	1	80	1	1340	138	260	104.230	66.882	0.000	0.000	0.000	0.000	0.000	60.000	107.60	0.000	0.000	0.000	0.000	0.000	0.000	0.000	0.000	
1576	SPC	ROI	ACQ	1	1	80	1	1340	138	260	103.819	66.849	0.000	0.000	0.000	0.000	0.000	60.000	107.60	0.000	0.000	0.000	0.000	0.000	0.000	0.000	0.000	
1577	SPC	ROI	ACQ	1	1	80	1	1340	138	260	103.682	66.970	0.000	0.000	0.000	0.000	0.000	60.000	107.80	0.000	0.000	0.000	0.000	0.000	0.000	0.000	0.000	
1578	SPC	ROI	ACQ	1	1	80	1	1340	138	260	103.682	66.970	0.000	0.000	0.000	0.000	0.000	60.000	107.80	0.000	0.000	0.000	0.000	0.000	0.000	0.000	0.000	
1579	SPC	ROI	ACQ	1	1	80	1	1340	138	260	104.327	66.938	0.000	0.000	0.000	0.000	0.000	60.000	107.80	0.000	0.000	0.000	0.000	0.000	0.000	0.000	0.000	
1580	SPC	ROI	ACQ	1	1	80	1	1340	138	260	104.327	66.938	0.000	0.000	0.000	0.000	0.000	60.000	108.00	0.000	0.000	0.000	0.000	0.000	0.000	0.000	0.000	
1581	SPC	ROI	ACQ	1	1	80	1	1340	138	260	103.642	66.898	0.000	0.000	0.000	0.000	0.000	60.000	108.00	0.000	0.000	0.000	0.000	0.000	0.000	0.000	0.000	
1582	SPC	ROI	ACQ	1	1	80	1	1340	138	260	103.642	66.898	0.000	0.000	0.000	0.000	0.000	60.000	108.00	0.000	0.000	0.000	0.000	0.000	0.000	0.000	0.000	
1583	SPC	ROI	ACQ	1	1	80	1	1340	138	260	104.109	66.785	0.000	0.000	0.000	0.000	0.000	60.000	108.20	0.000	0.000	0.000	0.000	0.000	0.000	0.000	0.000	
1584	SPC	ROI	ACQ	1	1	80	1	1340	138	260	103.875	66.801	0.000	0.000	0.000	0.000	0.000	60.000	108.20	0.000	0.000	0.000	0.000	0.000	0.000	0.000	0.000	
1585	SPC	ROI	ACQ	1	1	80	1	1340	138	260	103.875	66.801	0.000	0.000	0.000	0.000	0.000	60.000	108.20	0.000	0.000	0.000	0.000	0.000	0.000	0.000	0.000	
1586	SPC	ROI	ACQ	1	1	80	1	1340	138	260	103.722	66.890	0.000	0.000	0.000	0.000	0.000	60.000	108.40	0.000	0.000	0.000	0.000	0.000	0.000	0.000	0.000	
1587	SPC	ROI	ACQ	1	1	80	1	1340	138	260	103.722	66.890	0.000	0.000	0.000	0.000	0.000	60.000	108.40	0.000	0.000	0.000	0.000	0.000	0.000	0.000	0.000	
1588	SPC	ROI	ACQ	1	1	80	1	1340	138	260	103.924	66.817	0.000	0.000	0.000	0.000	0.000	60.000	108.40	0.000	0.000	0.000	0.000	0.000	0.000	0.000	0.000	
1589	SPC	ROI	ACQ	1	1	80	1	1340	138	260	103.932	67.147	0.000	0.000	0.000	0.000	0.000	60.000	108.60	0.000	0.000	0.000	0.000	0.000	0.000	0.000	0.000	
1590	SPC	ROI	ACQ	1	1	80	1	1340	138	260	104.036	66.801	0.000	0.000	0.000	0.000	0.000	60.000	108.60	0.000	0.000	0.000	0.000	0.000	0.000	0.000	0.000	
1591	SPC	ROI	ACQ	1	1	80	1	1340	138	260	104.036	66.801	0.000	0.000	0.000	0.000	0.000	60.000	108.60	0.000	0.000	0.000	0.000	0.000	0.000	0.000	0.000	
1592	SPC	ROI	ACQ	1	1	80	1	1340	138	260	103.819	67.011	0.000	0.000	0.000	0.000	0.000	60.000	108.80	0.000	0.000	0.000	0.000	0.000	0.000	0.000	0.000	
1593	SPC	ROI	ACQ	1	1	80	1	1340	138	260	103.819	67.011	0.000	0.000	0.000	0.000	0.000	60.000	108.80	0.000	0.000	0.000	0.000	0.000	0.000	0.000	0.000	
1594	SPC	ROI	ACQ	1	1	80	1	1340	138	260	104.665	66.704	0.000	0.000	0.000	0.000	0.000	60.000	108.80	0.000	0.000	0.000	0.000	0.000	0.000	0.000	0.000	
1595	SPC	ROI	ACQ	1	1	80	1	1340	138	260	104.665	66.704	0.000	0.000	0.000	0.000	0.000	60.000	109.00	0.000	0.000	0.000	0.000	0.000	0.000	0.000	0.000	
1596	SPC	ROI	ACQ	1	1	80	1	1340	138	260	103.891	66.793	0.000	0.000	0.000	0.000	0.000	60.000	109.00	0.000	0.000	0.000	0.000	0.000	0.000	0.000	0.000	
1597	SPC	ROI	ACQ	1	1	80	1	1340	138	260	103.891	66.793	0.000	0.000	0.000	0.000	0.000	60.000	109.00	0.000	0.000	0.000	0.000	0.000	0.000	0.000	0.000	
1598	SPC	ROI	ACQ	1	1	80	1	1340	138	260	103.875	66.696	0.000	0.000	0.000	0.000	0.000	60.000	109.20	0.000	0.000	0.000	0.000	0.000	0.000	0.000	0.000	
1599	SPC	ROI	ACQ	1	1	80	1	1340	138	260	103.916	66.801	0.000	0.000	0.000	0.000	0.000	60.000	109.20	0.000	0.000	0.000	0.000	0.000	0.000	0.000	0.000	
1600	SPC	ROI	ACQ	1	1	80	1	1340	138	260	103.916	66.801	0.000	0.000	0.000	0.000	0.000	60.000	109.20	0.000	0.000	0.000	0.000	0.000	0.000	0.000	0.000	
1601	SPC	ROI	ACQ	1	1	80	1	1340	138	260	104.053	66.930	0.000	0.000	0.000	0.000	0.000	60.000	109.40	0.000	0.000	0.000	0.000	0.000	0.000	0.000	0.000	
1602	SPC	ROI	ACQ	1	1	80	1	1340	138	260	103.754	67.027	0.000	0.000	0.000	0.000	0.000	60.000	109.40	0.000	0.000	0.000	0.000	0.000	0.000	0.000	0.000	
1603	SPC	ROI	ACQ	1	1	80	1	1340	138	260	103.754	67.027	0.000	0.000	0.000	0.000	0.000	60.000	109.40	0.000	0.000	0.000	0.000	0.000	0.000	0.000	0.000	
1604	SPC	ROI	ACQ	1	1	80	1	1340	138	260	103.593	66.833	0.000	0.000	0.000	0.000	0.000	60.000	109.60	0.000	0.000	0.000	0.000	0.000	0.000	0.000	0.000	
1605	SPC	ROI	ACQ	1	1	80	1	1340	138	260	103.996	66.801	0.000	0.000	0.000	0.000	0.000	60.000	109.60	0.000	0.000	0.000	0.000	0.000	0.000	0.000	0.000	
1606	SPC	ROI	ACQ	1	1	80	1	1340	138	260	103.996	66.801	0.000	0.000	0.000	0.000	0.000	60.000	109.60	0.000	0.000	0.000	0.000	0.000	0.000	0.000	0.000	
1607	SPC	ROI	ACQ	1	1	80	1	1340	138	260	104.423	66.737	0.000	0.000	0.000	0.000	0.000	60.000	109.80	0.000	0.000	0.000	0.000	0.000	0.000	0.000	0.000	
1608	SPC	ROI	ACQ	1	1	80	1	1340	138	260	104.423	66.737	0.000	0.000	0.000	0.000	0.000	60.000	109.80	0.000	0.000	0.000	0.000	0.000	0.000	0.000	0.000	
1609	SPC	ROI	ACQ	1	1	80	1	1340	138	260	104.053	67.027	0.000	0.000	0.000	0.000	0.000	60.000	109.80	0.000	0.000	0.000	0.000	0.000	0.000	0.000	0.000	
1610	SPC	ROI	ACQ	1	1	80	1	1340	138	260	104.053	67.027	0.000	0.000	0.000	0.000	0.000	60.000	110.00	0.000	0.000	0.000	0.000	0.000	0.000	0.000	0.000	
1611	SPC	ROI	ACQ	1	1	80	1	1340	138	260	103.964	66.680	0.000	0.000	0.000	0.000	0.000	60.000	110.00	0.000	0.000	0.000	0.000	0.000	0.000	0.000	0.000	
1612	SPC	ROI	ACQ	1	1	80	1	1340	138	260	103.964	66.680	0.000	0.000	0.000	0.000	0.000	60.000	110.00	0.000	0.000	0.000	0.000	0.000	0.000	0.000	0.000	
1613	SPC	ROI	ACQ	1	1	80	1	1340	138	260	104.190	66.946	0.000	0.000	0.000	0.000	0.000	60.000	110.20	0.000	0.000	0.000	0.000	0.000	0.000	0.000	0.000	
1614	SPC	ROI	ACQ	1	1	80	1	1340	138	260	104.270	66.857	0.000	0.000	0.000	0.000	0.000	60.000	110.20	0.000	0.000	0.000	0.000	0.000	0.000	0.000	0.000	
1615	SPC	ROI	ACQ	1	1	80	1	1340	138	260	104.270	66.857	0.000	0.000	0.000	0.000	0.000	60.000	110.20	0.000	0.000	0.000	0.000	0.000	0.000	0.000	0.000	
1616	SPC	ROI	ACQ	1	1	80	1	1340	138	260	103.956	67.043	0.000	0.000	0.000	0.000	0.000	60.000	110.40	0.000	0.000	0.000	0.000	0.000	0.000	0.000	0.000	
1617	SPC	ROI	ACQ	1	1	80	1	1340	138	260	103.956	67.043	0.000	0.000	0.000	0.000	0.000	60.000	110.40	0.000	0.000	0.000	0.000	0.000	0.000	0.000	0.000	
1618	SPC	ROI	ACQ	1	1	80	1	1340	138	260	103.746	66.656	0.000	0.000	0.000	0.000	0.000	60.000	110.40	0.000	0.000	0.000	0.000	0.000	0.000	0.000	0.000	
1619	SPC	ROI	ACQ	1	1	80	1	1340	138	260	103.746	66.656	0.000	0.000	0.000	0.000	0.000	60.000	110.60	0.000	0.000	0.000	0.000	0.000	0.000	0.000	0.000	
1620	SPC	ROI	ACQ	1	1	80	1	1340	138	260	104.036	66.890	0.000	0.000	0.000	0.000	0.000	60.000	110.60	0.000	0.000	0.000	0.000	0.000	0.000	0.000	0.000	
1621	SPC	ROI	ACQ	1	1	80	1	1340	138	260	104.036	66.890	0.000	0.000	0.000	0.000	0.000	60.000	110.60	0.000	0.000	0.000	0.000	0.000	0.000	0.000	0.000	
1622	SPC	ROI	ACQ	1	1	80	1	1340	138	260	104.327	66.849	0.000	0.000	0.000	0.000	0.000	60.000	110.80	0.000	0.000	0.000	0.000	0.000	0.000	0.000	0.000	
1623	SPC	ROI	ACQ	1	1	80	1	1340	138	260	103.972	66.849	0.000	0.000	0.000	0.000	0.000	60.000	110.80	0.000	0.000	0.000	0.000	0.000	0.000	0.000	0.000	
1624	SPC	ROI	ACQ	1	1	80	1	1340	138	260	103.972	66.849	0.000	0.000	0.000	0.000	0.000	60.000	110.80	0.000	0.000	0.000	0.000	0.000	0.000	0.000	0.000	
1625	SPC	ROI	ACQ	1	1	80	1	1340	138	260	103.666	66.753	0.000	0.000	0.000	0.000	0.000	60.000	111.00	0.000	0.000	0.000	0.000	0.000	0.000	0.000	0.000	
1626	SPC	ROI	ACQ	1	1	80	1	1340	138	260	103.666	66.753	0.000	0.000	0.000	0.000	0.000	60.000	111.00	0.000	0.000	0.000	0.000	0.000	0.000	0.000	0.000	
1627	SPC	ROI	ACQ	1	1	80	1	1340	138	260	104.020	66.890	0.000	0.000	0.000	0.000	0.000	60.000	111.00	0.000	0.000	0.000	0.000	0.000	0.000	0.000	0.000	
1628	SPC	ROI	ACQ	1	1	80	1	1340	138	260	103.714	66.954	0.000	0.000	0.000	0.000	0.000	60.000	111.20	0.000	0.000	0.000	0.000	0.000	0.000	0.000	0.000	
1629	SPC	ROI	ACQ	1	1	80	1	1340	138	260	103.714	66.954	0.000	0.000	0.000	0.000	0.000	60.000	111.20	0.000	0.000	0.000	0.000	0.000	0.000	0.000	0.000	
1630	SPC	ROI	ACQ	1	1	80	1	1340	138	260	104.028	66.841	0.000	0.000	0.000	0.000	0.000	60.000	111.20	0.000	0.000	0.000	0.000	0.000	0.000	0.000	0.000	
1631	SPC	ROI	ACQ	1	1	80	1	1340	138	260	104.028	66.841	0.000	0.000	0.000	0.000	0.000	60.000	111.40	0.000	0.000	0.000	0.000	0.000	0.000	0.000	0.000	
1632	SPC	ROI	ACQ	1	1	80	1	1340	138	260	104.214	66.849	0.000	0.000	0.000	0.000	0.000	60.000	111.40	0.000	0.000	0.000	0.000	0.000	0.000	0.000	0.000	
1633	SPC	ROI	ACQ	1	1	80	1	1340	138	260	104.214	66.849	0.000	0.000	0.000	0.000	0.000	60.000	111.40	0.000	0.000	0.000	0.000	0.000	0.000	0.000	0.000	
1634	SPC	ROI	ACQ	1	1	80	1	1340	138	260	103.843	66.986	0.000	0.000	0.000	0.000	0.000	60.000	111.60	0.000	0.000	0.000	0.000	0.000	0.000	0.000	0.000	
1635	SPC	ROI	ACQ	1	1	80	1	1340	138	260	103.932	66.922	0.000	0.000	0.000	0.000	0.000	60.000	111.60	0.000	0.000	0.000	0.000	0.000	0.000	0.000	0.000	
1636	SPC	ROI	ACQ	1	1	80	1	1340	138	260	103.932	66.922	0.000	0.000	0.000	0.000	0.000	60.000	111.60	0.000	0.000	0.000	0.000	0.000	0.000	0.000	0.000	
1637	SPC	ROI	ACQ	1	1	80	1	1340	138	260	103.908	67.123	0.000	0.000	0.000	0.000	0.000	60.000	111.80	0.000	0.000	0.000	0.000	0.000	0.000	0.000	0.000	
1638	SPC	ROI	ACQ	1	1	80	1	1340	138	260	103.908	67.123	0.000	0.000	0.000	0.000	0.000	60.000	111.80	0.000	0.000	0.000	0.000	0.000	0.000	0.000	0.000	
1639	SPC	ROI	ACQ	1	1	80	1	1340	138	260	104.109	66.664	0.000	0.000	0.000	0.000	0.000	60.000	111.80	0.000	0.000	0.000	0.000	0.000	0.000	0.000	0.000	
1640	SPC	ROI	ACQ	1	1	80	1	1340	138	260	104.109	66.664	0.000	0.000	0.000	0.000	0.000	60.000	112.00	0.000	0.000	0.000	0.000	0.000	0.000	0.000	0.000	
1641	SPC	ROI	ACQ	1	1	80	1	1340	138	260	103.908	66.785	0.000	0.000	0.000	0.000	0.000	60.000	112.00	0.000	0.000	0.000	0.000	0.000	0.000	0.000	0.000	
1642	SPC	ROI	ACQ	1	1	80	1	1340	138	260	103.908	66.785	0.000	0.000	0.000	0.000	0.000	60.000	112.00	0.000	0.000	0.000	0.000	0.000	0.000	0.000	0.000	
1643	SPC	ROI	ACQ	1	1	80	1	1340	138	260	104.036	66.849	0.000	0.000	0.000	0.000	0.000	60.000	112.20	0.000	0.000	0.000	0.000	0.000	0.000	0.000	0.000	
1644	SPC	ROI	ACQ	1	1	80	1	1340	138	260	103.738	67.172	0.000	0.000	0.000	0.000	0.000	60.000	112.20	0.000	0.000	0.000	0.000	0.000	0.000	0.000	0.000	
1645	SPC	ROI	ACQ	1	1	80	1	1340	138	260	103.738	67.172	0.000	0.000	0.000	0.000	0.000	60.000	112.20	0.000	0.000	0.000	0.000	0.000	0.000	0.000	0.000	
1646	SPC	ROI	ACQ	1	1	80	1	1340	138	260	103.867	66.809	0.000	0.000	0.000	0.000	0.000	60.000	112.40	0.000	0.000	0.000	0.000	0.000	0.000	0.000	0.000	
1647	SPC	ROI	ACQ	1	1	80	1	1340	138	260	104.198	66.978	0.000	0.000	0.000	0.000	0.000	60.000	112.40	0.000	0.000	0.000	0.000	0.000	0.000	0.000	0.000	
1648	SPC	ROI	ACQ	1	1	80	1	1340	138	260	103.811	66.841	0.000	0.000	0.000	0.000	0.000	60.000	112.40	0.000	0.000	0.000	0.000	0.000	0.000	0.000	0.000	
1649	SPC	ROI	ACQ	1	1	80	1	1340	138	260	103.811	66.841	0.000	0.000	0.000	0.000	0.000	60.000	112.60	0.000	0.000	0.000	0.000	0.000	0.000	0.000	0.000	
1650	SPC	ROI	ACQ	1	1	80	1	1340	138	260	103.738	66.704	0.000	0.000	0.000	0.000	0.000	60.000	112.60	0.000	0.000	0.000	0.000	0.000	0.000	0.000	0.000	
1651	SPC	ROI	ACQ	1	1	80	1	1340	138	260	103.738	66.704	0.000	0.000	0.000	0.000	0.000	60.000	112.60	0.000	0.000	0.000	0.000	0.000	0.000	0.000	0.000	
1652	SPC	ROI	ACQ	1	1	80	1	1340	138	260	103.851	66.930	0.000	0.000	0.000	0.000	0.000	60.000	112.80	0.000	0.000	0.000	0.000	0.000	0.000	0.000	0.000	
1653	SPC	ROI	ACQ	1	1	80	1	1340	138	260	104.157	66.874	0.000	0.000	0.000	0.000	0.000	60.000	112.80	0.000	0.000	0.000	0.000	0.000	0.000	0.000	0.000	
1654	SPC	ROI	ACQ	1	1	80	1	1340	138	260	104.157	66.874	0.000	0.000	0.000	0.000	0.000	60.000	112.80	0.000	0.000	0.000	0.000	0.000	0.000	0.000	0.000	
1655	SPC	ROI	ACQ	1	1	80	1	1340	138	260	104.649	66.849	0.000	0.000	0.000	0.000	0.000	60.000	113.00	0.000	0.000	0.000	0.000	0.000	0.000	0.000	0.000	
1656	SPC	ROI	ACQ	1	1	80	1	1340	138	260	103.956	66.994	0.000	0.000	0.000	0.000	0.000	60.000	113.00	0.000	0.000	0.000	0.000	0.000	0.000	0.000	0.000	
1657	SPC	ROI	ACQ	1	1	80	1	1340	138	260	103.956	66.994	0.000	0.000	0.000	0.000	0.000	60.000	113.00	0.000	0.000	0.000	0.000	0.000	0.000	0.000	0.000	
1658	SPC	ROI	ACQ	1	1	80	1	1340	138	260	104.157	66.986	0.000	0.000	0.000	0.000	0.000	60.000	113.20	0.000	0.000	0.000	0.000	0.000	0.000	0.000	0.000	
1659	SPC	ROI	ACQ	1	1	80	1	1340	138	260	104.157	66.986	0.000	0.000	0.000	0.000	0.000	60.000	113.20	0.000	0.000	0.000	0.000	0.000	0.000	0.000	0.000	
1660	SPC	ROI	ACQ	1	1	80	1	1340	138	260	104.061	66.962	0.000	0.000	0.000	0.000	0.000	60.000	113.20	0.000	0.000	0.000	0.000	0.000	0.000	0.000	0.000	
1661	SPC	ROI	ACQ	1	1	80	1	1340	138	260	103.811	66.882	0.000	0.000	0.000	0.000	0.000	60.000	113.40	0.000	0.000	0.000	0.000	0.000	0.000	0.000	0.000	
1662	SPC	ROI	ACQ	1	1	80	1	1340	138	260	103.811	66.882	0.000	0.000	0.000	0.000	0.000	60.000	113.40	0.000	0.000	0.000	0.000	0.000	0.000	0.000	0.000	
1663	SPC	ROI	ACQ	1	1	80	1	1340	138	260	103.916	67.188	0.000	0.000	0.000	0.000	0.000	60.000	113.40	0.000	0.000	0.000	0.000	0.000	0.000	0.000	0.000	
1664	SPC	ROI	ACQ	1	1	80	1	1340	138	260	103.916	67.188	0.000	0.000	0.000	0.000	0.000	60.000	113.60	0.000	0.000	0.000	0.000	0.000	0.000	0.000	0.000	
1665	SPC	ROI	ACQ	1	1	80	1	1340	138	260	104.053	66.882	0.000	0.000	0.000	0.000	0.000	60.000	113.60	0.000	0.000	0.000	0.000	0.000	0.000	0.000	0.000	
1666	SPC	ROI	ACQ	1	1	80	1	1340	138	260	104.053	66.882	0.000	0.000	0.000	0.000	0.000	60.000	113.60	0.000	0.000	0.000	0.000	0.000	0.000	0.000	0.000	
1667	SPC	ROI	ACQ	1	1	80	1	1340	138	260	104.165	66.656	0.000	0.000	0.000	0.000	0.000	60.000	113.80	0.000	0.000	0.000	0.000	0.000	0.000	0.000	0.000	
1668	SPC	ROI	ACQ	1	1	80	1	1340	138	260	103.924	66.882	0.000	0.000	0.000	0.000	0.000	60.000	113.80	0.000	0.000	0.000	0.000	0.000	0.000	0.000	0.000	
1669	SPC	ROI	ACQ	1	1	80	1	1340	138	260	103.924	66.882	0.000	0.000	0.000	0.000	0.000	60.000	113.80	0.000	0.000	0.000	0.000	0.000	0.000	0.000	0.000	
1670	SPC	ROI	ACQ	1	1	80	1	1340	138	260	104.053	66.865	0.000	0.000	0.000	0.000	0.000	60.000	114.00	0.000	0.000	0.000	0.000	0.000	0.000	0.000	0.000	
1671	SPC	ROI	ACQ	1	1	80	1	1340	138	260	104.053	66.865	0.000	0.000	0.000	0.000	0.000	60.000	114.00	0.000	0.000	0.000	0.000	0.000	0.000	0.000	0.000	
1672	SPC	ROI	ACQ	1	1	80	1	1340	138	260	104.028	66.986	0.000	0.000	0.000	0.000	0.000	60.000	114.00	0.000	0.000	0.000	0.000	0.000	0.000	0.000	0.000	
1673	SPC	ROI	ACQ	1	1	80	1	1340	138	260	104.045	66.777	0.000	0.000	0.000	0.000	0.000	60.000	114.20	0.000	0.000	0.000	0.000	0.000	0.000	0.000	0.000	
1674	SPC	ROI	ACQ	1	1	80	1	1340	138	260	104.045	66.777	0.000	0.000	0.000	0.000	0.000	60.000	114.20	0.000	0.000	0.000	0.000	0.000	0.000	0.000	0.000	
1675	SPC	ROI	ACQ	1	1	80	1	1340	138	260	103.811	66.712	0.000	0.000	0.000	0.000	0.000	60.000	114.20	0.000	0.000	0.000	0.000	0.000	0.000	0.000	0.000	
1676	SPC	ROI	ACQ	1	1	80	1	1340	138	260	103.811	66.712	0.000	0.000	0.000	0.000	0.000	60.000	114.40	0.000	0.000	0.000	0.000	0.000	0.000	0.000	0.000	
1677	SPC	ROI	ACQ	1	1	80	1	1340	138	260	104.182	66.841	0.000	0.000	0.000	0.000	0.000	60.000	114.40	0.000	0.000	0.000	0.000	0.000	0.000	0.000	0.000	
1678	SPC	ROI	ACQ	1	1	80	1	1340	138	260	104.182	66.841	0.000	0.000	0.000	0.000	0.000	60.000	114.40	0.000	0.000	0.000	0.000	0.000	0.000	0.000	0.000	
1679	SPC	ROI	ACQ	1	1	80	1	1340	138	260	103.964	66.922	0.000	0.000	0.000	0.000	0.000	60.000	114.60	0.000	0.000	0.000	0.000	0.000	0.000	0.000	0.000	
1680	SPC	ROI	ACQ	1	1	80	1	1340	138	260	103.964	66.922	0.000	0.000	0.000	0.000	0.000	60.000	114.60	0.000	0.000	0.000	0.000	0.000	0.000	0.000	0.000	
1681	SPC	ROI	ACQ	1	1	80	1	1340	138	260	103.803	66.914	0.000	0.000	0.000	0.000	0.000	60.000	114.60	0.000	0.000	0.000	0.000	0.000	0.000	0.000	0.000	
1682	SPC	ROI	ACQ	1	1	80	1	1340	138	260	104.028	67.011	0.000	0.000	0.000	0.000	0.000	60.000	114.80	0.000	0.000	0.000	0.000	0.000	0.000	0.000	0.000	
1683	SPC	ROI	ACQ	1	1	80	1	1340	138	260	104.028	67.011	0.000	0.000	0.000	0.000	0.000	60.000	114.80	0.000	0.000	0.000	0.000	0.000	0.000	0.000	0.000	
1684	SPC	ROI	ACQ	1	1	80	1	1340	138	260	103.932	66.753	0.000	0.000	0.000	0.000	0.000	60.000	114.80	0.000	0.000	0.000	0.000	0.000	0.000	0.000	0.000	
1685	SPC	ROI	ACQ	1	1	80	1	1340	138	260	103.932	66.753	0.000	0.000	0.000	0.000	0.000	60.000	115.00	0.000	0.000	0.000	0.000	0.000	0.000	0.000	0.000	
1686	SPC	ROI	ACQ	1	1	80	1	1340	138	260	104.101	66.833	0.000	0.000	0.000	0.000	0.000	60.000	115.00	0.000	0.000	0.000	0.000	0.000	0.000	0.000	0.000	
1687	SPC	ROI	ACQ	1	1	80	1	1340	138	260	104.101	66.833	0.000	0.000	0.000	0.000	0.000	60.000	115.00	0.000	0.000	0.000	0.000	0.000	0.000	0.000	0.000	
1688	SPC	ROI	ACQ	1	1	80	1	1340	138	260	103.972	66.962	0.000	0.000	0.000	0.000	0.000	60.000	115.20	0.000	0.000	0.000	0.000	0.000	0.000	0.000	0.000	
1689	SPC	ROI	ACQ	1	1	80	1	1340	138	260	103.972	66.962	0.000	0.000	0.000	0.000	0.000	60.000	115.20	0.000	0.000	0.000	0.000	0.000	0.000	0.000	0.000	
1690	SPC	ROI	ACQ	1	1	80	1	1340	138	260	104.464	66.874	0.000	0.000	0.000	0.000	0.000	60.000	115.20	0.000	0.000	0.000	0.000	0.000	0.000	0.000	0.000	
1691	SPC	ROI	ACQ	1	1	80	1	1340	138	260	103.730	66.849	0.000	0.000	0.000	0.000	0.000	60.000	115.40	0.000	0.000	0.000	0.000	0.000	0.000	0.000	0.000	
1692	SPC	ROI	ACQ	1	1	80	1	1340	138	260	103.730	66.849	0.000	0.000	0.000	0.000	0.000	60.000	115.40	0.000	0.000	0.000	0.000	0.000	0.000	0.000	0.000	
1693	SPC	ROI	ACQ	1	1	80	1	1340	138	260	103.972	66.970	0.000	0.000	0.000	0.000	0.000	60.000	115.40	0.000	0.000	0.000	0.000	0.000	0.000	0.000	0.000	
1694	SPC	ROI	ACQ	1	1	80	1	1340	138	260	104.335	67.115	0.000	0.000	0.000	0.000	0.000	60.000	115.60	0.000	0.000	0.000	0.000	0.000	0.000	0.000	0.000	
1695	SPC	ROI	ACQ	1	1	80	1	1340	138	260	104.335	67.115	0.000	0.000	0.000	0.000	0.000	60.000	115.60	0.000	0.000	0.000	0.000	0.000	0.000	0.000	0.000	
1696	SPC	ROI	ACQ	1	1	80	1	1340	138	260	104.335	67.115	0.000	0.000	0.000	0.000	0.000	60.000	115.60	0.000	0.000	0.000	0.000	0.000	0.000	0.000	0.000	
1697	SPC	ROI	ACQ	1	1	80	1	1340	138	260	103.996	67.083	0.000	0.000	0.000	0.000	0.000	60.000	115.80	0.000	0.000	0.000	0.000	0.000	0.000	0.000	0.000	
1698	SPC	ROI	ACQ	1	1	80	1	1340	138	260	104.173	67.139	0.000	0.000	0.000	0.000	0.000	60.000	115.80	0.000	0.000	0.000	0.000	0.000	0.000	0.000	0.000	
1699	SPC	ROI	ACQ	1	1	80	1	1340	138	260	104.173	67.139	0.000	0.000	0.000	0.000	0.000	60.000	115.80	0.000	0.000	0.000	0.000	0.000	0.000	0.000	0.000	
1700	SPC	ROI	ACQ	1	1	80	1	1340	138	260	104.101	66.737	0.000	0.000	0.000	0.000	0.000	60.000	116.00	0.000	0.000	0.000	0.000	0.000	0.000	0.000	0.000	
1701	SPC	ROI	ACQ	1	1	80	1	1340	138	260	103.932	66.745	0.000	0.000	0.000	0.000	0.000	60.000	116.00	0.000	0.000	0.000	0.000	0.000	0.000	0.000	0.000	
1702	SPC	ROI	ACQ	1	1	80	1	1340	138	260	103.932	66.745	0.000	0.000	0.000	0.000	0.000	60.000	116.00	0.000	0.000	0.000	0.000	0.000	0.000	0.000	0.000	
1703	SPC	ROI	ACQ	1	1	80	1	1340	138	260	103.835	67.293	0.000	0.000	0.000	0.000	0.000	60.000	116.20	0.000	0.000	0.000	0.000	0.000	0.000	0.000	0.000	
1704	SPC	ROI	ACQ	1	1	80	1	1340	138	260	103.835	67.293	0.000	0.000	0.000	0.000	0.000	60.000	116.20	0.000	0.000	0.000	0.000	0.000	0.000	0.000	0.000	
1705	SPC	ROI	ACQ	1	1	80	1	1340	138	260	104.036	67.035	0.000	0.000	0.000	0.000	0.000	60.000	116.20	0.000	0.000	0.000	0.000	0.000	0.000	0.000	0.000	
1706	SPC	ROI	ACQ	1	1	80	1	1340	138	260	104.359	67.083	0.000	0.000	0.000	0.000	0.000	60.000	116.40	0.000	0.000	0.000	0.000	0.000	0.000	0.000	0.000	
1707	SPC	ROI	ACQ	1	1	80	1	1340	138	260	104.359	67.083	0.000	0.000	0.000	0.000	0.000	60.000	116.40	0.000	0.000	0.000	0.000	0.000	0.000	0.000	0.000	
1708	SPC	ROI	ACQ	1	1	80	1	1340	138	260	103.827	67.131	0.000	0.000	0.000	0.000	0.000	60.000	116.40	0.000	0.000	0.000	0.000	0.000	0.000	0.000	0.000	
1709	SPC	ROI	ACQ	1	1	80	1	1340	138	260	103.956	67.156	0.000	0.000	0.000	0.000	0.000	60.000	116.60	0.000	0.000	0.000	0.000	0.000	0.000	0.000	0.000	
1710	SPC	ROI	ACQ	1	1	80	1	1340	138	260	103.956	67.156	0.000	0.000	0.000	0.000	0.000	60.000	116.60	0.000	0.000	0.000	0.000	0.000	0.000	0.000	0.000	
1711	SPC	ROI	ACQ	1	1	80	1	1340	138	260	103.900	66.906	0.000	0.000	0.000	0.000	0.000	60.000	116.60	0.000	0.000	0.000	0.000	0.000	0.000	0.000	0.000	
1712	SPC	ROI	ACQ	1	1	80	1	1340	138	260	103.900	66.906	0.000	0.000	0.000	0.000	0.000	60.000	116.80	0.000	0.000	0.000	0.000	0.000	0.000	0.000	0.000	
1713	SPC	ROI	ACQ	1	1	80	1	1340	138	260	103.851	67.107	0.000	0.000	0.000	0.000	0.000	60.000	116.80	0.000	0.000	0.000	0.000	0.000	0.000	0.000	0.000	
1714	SPC	ROI	ACQ	1	1	80	1	1340	138	260	103.771	66.817	0.000	0.000	0.000	0.000	0.000	60.000	116.80	0.000	0.000	0.000	0.000	0.000	0.000	0.000	0.000	
1715	SPC	ROI	ACQ	1	1	80	1	1340	138	260	103.771	66.817	0.000	0.000	0.000	0.000	0.000	60.000	117.00	0.000	0.000	0.000	0.000	0.000	0.000	0.000	0.000	
1716	SPC	ROI	ACQ	1	1	80	1	1340	138	260	103.932	66.712	0.000	0.000	0.000	0.000	0.000	60.000	117.00	0.000	0.000	0.000	0.000	0.000	0.000	0.000	0.000	
1717	SPC	ROI	ACQ	1	1	80	1	1340	138	260	103.932	66.712	0.000	0.000	0.000	0.000	0.000	60.000	117.00	0.000	0.000	0.000	0.000	0.000	0.000	0.000	0.000	
1718	SPC	ROI	ACQ	1	1	80	1	1340	138	260	104.117	66.962	0.000	0.000	0.000	0.000	0.000	60.000	117.20	0.000	0.000	0.000	0.000	0.000	0.000	0.000	0.000	
1719	SPC	ROI	ACQ	1	1	80	1	1340	138	260	103.956	66.777	0.000	0.000	0.000	0.000	0.000	60.000	117.20	0.000	0.000	0.000	0.000	0.000	0.000	0.000	0.000	
1720	SPC	ROI	ACQ	1	1	80	1	1340	138	260	103.956	66.777	0.000	0.000	0.000	0.000	0.000	60.000	117.20	0.000	0.000	0.000	0.000	0.000	0.000	0.000	0.000	
1721	SPC	ROI	ACQ	1	1	80	1	1340	138	260	104.061	67.035	0.000	0.000	0.000	0.000	0.000	60.000	117.40	0.000	0.000	0.000	0.000	0.000	0.000	0.000	0.000	
1722	SPC	ROI	ACQ	1	1	80	1	1340	138	260	104.061	67.035	0.000	0.000	0.000	0.000	0.000	60.000	117.40	0.000	0.000	0.000	0.000	0.000	0.000	0.000	0.000	
1723	SPC	ROI	ACQ	1	1	80	1	1340	138	260	104.109	67.002	0.000	0.000	0.000	0.000	0.000	60.000	117.40	0.000	0.000	0.000	0.000	0.000	0.000	0.000	0.000	
1724	SPC	ROI	ACQ	1	1	80	1	1340	138	260	104.109	67.002	0.000	0.000	0.000	0.000	0.000	60.000	117.60	0.000	0.000	0.000	0.000	0.000	0.000	0.000	0.000	
1725	SPC	ROI	ACQ	1	1	80	1	1340	138	260	104.053	66.954	0.000	0.000	0.000	0.000	0.000	60.000	117.60	0.000	0.000	0.000	0.000	0.000	0.000	0.000	0.000	
1726	SPC	ROI	ACQ	1	1	80	1	1340	138	260	104.053	67.019	0.000	0.000	0.000	0.000	0.000	60.000	117.60	0.000	0.000	0.000	0.000	0.000	0.000	0.000	0.000	
1727	SPC	ROI	ACQ	1	1	80	1	1340	138	260	104.053	67.019	0.000	0.000	0.000	0.000	0.000	60.000	117.80	0.000	0.000	0.000	0.000	0.000	0.000	0.000	0.000	
1728	SPC	ROI	ACQ	1	1	80	1	1340	138	260	103.916	66.954	0.000	0.000	0.000	0.000	0.000	60.000	117.80	0.000	0.000	0.000	0.000	0.000	0.000	0.000	0.000	
1729	SPC	ROI	ACQ	1	1	80	1	1340	138	260	103.916	66.954	0.000	0.000	0.000	0.000	0.000	60.000	117.80	0.000	0.000	0.000	0.000	0.000	0.000	0.000	0.000	
1730	SPC	ROI	ACQ	1	1	80	1	1340	138	260	103.956	66.906	0.000	0.000	0.000	0.000	0.000	60.000	118.00	0.000	0.000	0.000	0.000	0.000	0.000	0.000	0.000	
1731	SPC	ROI	ACQ	1	1	80	1	1340	138	260	103.956	66.906	0.000	0.000	0.000	0.000	0.000	60.000	118.00	0.000	0.000	0.000	0.000	0.000	0.000	0.000	0.000	
1732	SPC	ROI	ACQ	1	1	80	1	1340	138	260	104.149	67.301	0.000	0.000	0.000	0.000	0.000	60.000	118.00	0.000	0.000	0.000	0.000	0.000	0.000	0.000	0.000	
1733	SPC	ROI	ACQ	1	1	80	1	1340	138	260	104.173	66.817	0.000	0.000	0.000	0.000	0.000	60.000	118.20	0.000	0.000	0.000	0.000	0.000	0.000	0.000	0.000	
1734	SPC	ROI	ACQ	1	1	80	1	1340	138	260	104.173	66.817	0.000	0.000	0.000	0.000	0.000	60.000	118.20	0.000	0.000	0.000	0.000	0.000	0.000	0.000	0.000	
1735	SPC	ROI	ACQ	1	1	80	1	1340	138	260	104.173	66.817	0.000	0.000	0.000	0.000	0.000	60.000	118.20	0.000	0.000	0.000	0.000	0.000	0.000	0.000	0.000	
1736	SPC	ROI	ACQ	1	1	80	1	1340	138	260	104.036	66.833	0.000	0.000	0.000	0.000	0.000	60.000	118.40	0.000	0.000	0.000	0.000	0.000	0.000	0.000	0.000	
1737	SPC	ROI	ACQ	1	1	80	1	1340	138	260	103.722	66.817	0.000	0.000	0.000	0.000	0.000	60.000	118.40	0.000	0.000	0.000	0.000	0.000	0.000	0.000	0.000	
1738	SPC	ROI	ACQ	1	1	80	1	1340	138	260	103.722	66.817	0.000	0.000	0.000	0.000	0.000	60.000	118.40	0.000	0.000	0.000	0.000	0.000	0.000	0.000	0.000	
1739	SPC	ROI	ACQ	1	1	80	1	1340	138	260	103.851	67.011	0.000	0.000	0.000	0.000	0.000	60.000	118.60	0.000	0.000	0.000	0.000	0.000	0.000	0.000	0.000	
1740	SPC	ROI	ACQ	1	1	80	1	1340	138	260	103.851	67.011	0.000	0.000	0.000	0.000	0.000	60.000	118.60	0.000	0.000	0.000	0.000	0.000	0.000	0.000	0.000	
1741	SPC	ROI	ACQ	1	1	80	1	1340	138	260	104.053	66.922	0.000	0.000	0.000	0.000	0.000	60.000	118.60	0.000	0.000	0.000	0.000	0.000	0.000	0.000	0.000	
1742	SPC	ROI	ACQ	1	1	80	1	1340	138	260	104.053	66.922	0.000	0.000	0.000	0.000	0.000	60.000	118.80	0.000	0.000	0.000	0.000	0.000	0.000	0.000	0.000	
1743	SPC	ROI	ACQ	1	1	80	1	1340	138	260	103.843	66.970	0.000	0.000	0.000	0.000	0.000	60.000	118.80	0.000	0.000	0.000	0.000	0.000	0.000	0.000	0.000	
1744	SPC	ROI	ACQ	1	1	80	1	1340	138	260	103.843	66.970	0.000	0.000	0.000	0.000	0.000	60.000	118.80	0.000	0.000	0.000	0.000	0.000	0.000	0.000	0.000	
1745	SPC	ROI	ACQ	1	1	80	1	1340	138	260	103.932	66.696	0.000	0.000	0.000	0.000	0.000	60.000	119.00	0.000	0.000	0.000	0.000	0.000	0.000	0.000	0.000	
1746	SPC	ROI	ACQ	1	1	80	1	1340	138	260	104.222	66.906	0.000	0.000	0.000	0.000	0.000	60.000	119.00	0.000	0.000	0.000	0.000	0.000	0.000	0.000	0.000	
1747	SPC	ROI	ACQ	1	1	80	1	1340	138	260	104.222	66.906	0.000	0.000	0.000	0.000	0.000	60.000	119.00	0.000	0.000	0.000	0.000	0.000	0.000	0.000	0.000	
1748	SPC	ROI	ACQ	1	1	80	1	1340	138	260	104.036	66.930	0.000	0.000	0.000	0.000	0.000	60.000	119.20	0.000	0.000	0.000	0.000	0.000	0.000	0.000	0.000	
1749	SPC	ROI	ACQ	1	1	80	1	1340	138	260	104.036	66.930	0.000	0.000	0.000	0.000	0.000	60.000	119.20	0.000	0.000	0.000	0.000	0.000	0.000	0.000	0.000	
1750	SPC	ROI	ACQ	1	1	80	1	1340	138	260	103.964	66.890	0.000	0.000	0.000	0.000	0.000	60.000	119.20	0.000	0.000	0.000	0.000	0.000	0.000	0.000	0.000	
1751	SPC	ROI	ACQ	1	1	80	1	1340	138	260	103.964	66.890	0.000	0.000	0.000	0.000	0.000	60.000	119.40	0.000	0.000	0.000	0.000	0.000	0.000	0.000	0.000	
1752	SPC	ROI	ACQ	1	1	80	1	1340	138	260	104.077	66.801	0.000	0.000	0.000	0.000	0.000	60.000	119.40	0.000	0.000	0.000	0.000	0.000	0.000	0.000	0.000	
1753	SPC	ROI	ACQ	1	1	80	1	1340	138	260	104.246	66.769	0.000	0.000	0.000	0.000	0.000	60.000	119.40	0.000	0.000	0.000	0.000	0.000	0.000	0.000	0.000	
1754	SPC	ROI	ACQ	1	1	80	1	1340	138	260	104.246	66.769	0.000	0.000	0.000	0.000	0.000	60.000	119.60	0.000	0.000	0.000	0.000	0.000	0.000	0.000	0.000	
1755	SPC	ROI	ACQ	1	1	80	1	1340	138	260	104.206	66.898	0.000	0.000	0.000	0.000	0.000	60.000	119.60	0.000	0.000	0.000	0.000	0.000	0.000	0.000	0.000	
1756	SPC	ROI	ACQ	1	1	80	1	1340	138	260	104.206	66.898	0.000	0.000	0.000	0.000	0.000	60.000	119.60	0.000	0.000	0.000	0.000	0.000	0.000	0.000	0.000	
1757	SPC	ROI	ACQ	1	1	80	1	1340	138	260	103.714	67.180	0.000	0.000	0.000	0.000	0.000	60.000	119.80	0.000	0.000	0.000	0.000	0.000	0.000	0.000	0.000	
1758	SPC	ROI	ACQ	1	1	80	1	1340	138	260	103.714	67.180	0.000	0.000	0.000	0.000	0.000	60.000	119.80	0.000	0.000	0.000	0.000	0.000	0.000	0.000	0.000	
1759	SPC	ROI	ACQ	1	1	80	1	1340	138	260	103.908	66.793	0.000	0.000	0.000	0.000	0.000	60.000	119.80	0.000	0.000	0.000	0.000	0.000	0.000	0.000	0.000	
1760	SPC	ROI	ACQ	1	1	80	1	1340	138	260	103.908	66.793	0.000	0.000	0.000	0.000	0.000	60.000	120.00	0.000	0.000	0.000	0.000	0.000	0.000	0.000	0.000	
1761	SPC	ROI	ACQ	1	1	80	1	1340	138	260	104.093	66.882	0.000	0.000	0.000	0.000	0.000	60.000	120.00	0.000	0.000	0.000	0.000	0.000	0.000	0.000	0.000	
1762	SPC	ROI	ACQ	1	1	80	1	1340	138	260	104.093	66.882	0.000	0.000	0.000	0.000	0.000	60.000	120.00	0.000	0.000	0.000	0.000	0.000	0.000	0.000	0.000	
1763	SPC	ROI	ACQ	1	1	80	1	1340	138	260	104.053	66.954	0.000	0.000	0.000	0.000	0.000	60.000	120.20	0.000	0.000	0.000	0.000	0.000	0.000	0.000	0.000	
1764	SPC	ROI	ACQ	1	1	80	1	1340	138	260	103.988	66.745	0.000	0.000	0.000	0.000	0.000	60.000	120.20	0.000	0.000	0.000	0.000	0.000	0.000	0.000	0.000	
1765	SPC	ROI	ACQ	1	1	80	1	1340	138	260	103.988	66.745	0.000	0.000	0.000	0.000	0.000	60.000	120.20	0.000	0.000	0.000	0.000	0.000	0.000	0.000	0.000	
1766	SPC	ROI	ACQ	1	1	80	1	1340	138	260	104.085	66.632	0.000	0.000	0.000	0.000	0.000	60.000	120.40	0.000	0.000	0.000	0.000	0.000	0.000	0.000	0.000	
1767	SPC	ROI	ACQ	1	1	80	1	1340	138	260	103.714	66.978	0.000	0.000	0.000	0.000	0.000	60.000	120.40	0.000	0.000	0.000	0.000	0.000	0.000	0.000	0.000	
1768	SPC	ROI	ACQ	1	1	80	1	1340	138	260	103.714	66.978	0.000	0.000	0.000	0.000	0.000	60.000	120.40	0.000	0.000	0.000	0.000	0.000	0.000	0.000	0.000	
1769	SPC	ROI	ACQ	1	1	80	1	1340	138	260	104.238	66.890	0.000	0.000	0.000	0.000	0.000	60.000	120.60	0.000	0.000	0.000	0.000	0.000	0.000	0.000	0.000	
1770	SPC	ROI	ACQ	1	1	80	1	1340	138	260	104.222	67.011	0.000	0.000	0.000	0.000	0.000	60.000	120.60	0.000	0.000	0.000	0.000	0.000	0.000	0.000	0.000	
1771	SPC	ROI	ACQ	1	1	80	1	1340	138	260	104.222	67.011	0.000	0.000	0.000	0.000	0.000	60.000	120.60	0.000	0.000	0.000	0.000	0.000	0.000	0.000	0.000	
1772	SPC	ROI	ACQ	1	1	80	1	1340	138	260	104.036	66.994	0.000	0.000	0.000	0.000	0.000	60.000	120.80	0.000	0.000	0.000	0.000	0.000	0.000	0.000	0.000	
1773	SPC	ROI	ACQ	1	1	80	1	1340	138	260	104.036	66.994	0.000	0.000	0.000	0.000	0.000	60.000	120.80	0.000	0.000	0.000	0.000	0.000	0.000	0.000	0.000	
1774	SPC	ROI	ACQ	1	1	80	1	1340	138	260	104.165	66.833	0.000	0.000	0.000	0.000	0.000	60.000	120.80	0.000	0.000	0.000	0.000	0.000	0.000	0.000	0.000	
1775	SPC	ROI	ACQ	1	1	80	1	1340	138	260	104.246	66.745	0.000	0.000	0.000	0.000	0.000	60.000	121.00	0.000	0.000	0.000	0.000	0.000	0.000	0.000	0.000	
1776	SPC	ROI	ACQ	1	1	80	1	1340	138	260	104.246	66.745	0.000	0.000	0.000	0.000	0.000	60.000	121.00	0.000	0.000	0.000	0.000	0.000	0.000	0.000	0.000	
1777	SPC	ROI	ACQ	1	1	80	1	1340	138	260	103.859	66.978	0.000	0.000	0.000	0.000	0.000	60.000	121.00	0.000	0.000	0.000	0.000	0.000	0.000	0.000	0.000	
1778	SPC	ROI	ACQ	1	1	80	1	1340	138	260	104.028	66.938	0.000	0.000	0.000	0.000	0.000	60.000	121.20	0.000	0.000	0.000	0.000	0.000	0.000	0.000	0.000	
1779	SPC	ROI	ACQ	1	1	80	1	1340	138	260	104.028	66.938	0.000	0.000	0.000	0.000	0.000	60.000	121.20	0.000	0.000	0.000	0.000	0.000	0.000	0.000	0.000	
1780	SPC	ROI	ACQ	1	1	80	1	1340	138	260	104.028	66.938	0.000	0.000	0.000	0.000	0.000	60.000	121.20	0.000	0.000	0.000	0.000	0.000	0.000	0.000	0.000	
1781	SPC	ROI	ACQ	1	1	80	1	1340	138	260	104.198	66.922	0.000	0.000	0.000	0.000	0.000	60.000	121.40	0.000	0.000	0.000	0.000	0.000	0.000	0.000	0.000	
1782	SPC	ROI	ACQ	1	1	80	1	1340	138	260	103.746	67.164	0.000	0.000	0.000	0.000	0.000	60.000	121.40	0.000	0.000	0.000	0.000	0.000	0.000	0.000	0.000	
1783	SPC	ROI	ACQ	1	1	80	1	1340	138	260	103.746	67.164	0.000	0.000	0.000	0.000	0.000	60.000	121.40	0.000	0.000	0.000	0.000	0.000	0.000	0.000	0.000	
1784	SPC	ROI	ACQ	1	1	80	1	1340	138	260	104.173	66.930	0.000	0.000	0.000	0.000	0.000	60.000	121.60	0.000	0.000	0.000	0.000	0.000	0.000	0.000	0.000	
1785	SPC	ROI	ACQ	1	1	80	1	1340	138	260	104.173	66.930	0.000	0.000	0.000	0.000	0.000	60.000	121.60	0.000	0.000	0.000	0.000	0.000	0.000	0.000	0.000	
1786	SPC	ROI	ACQ	1	1	80	1	1340	138	260	103.964	66.906	0.000	0.000	0.000	0.000	0.000	60.000	121.60	0.000	0.000	0.000	0.000	0.000	0.000	0.000	0.000	
1787	SPC	ROI	ACQ	1	1	80	1	1340	138	260	104.157	66.922	0.000	0.000	0.000	0.000	0.000	60.000	121.80	0.000	0.000	0.000	0.000	0.000	0.000	0.000	0.000	
1788	SPC	ROI	ACQ	1	1	80	1	1340	138	260	104.157	66.922	0.000	0.000	0.000	0.000	0.000	60.000	121.80	0.000	0.000	0.000	0.000	0.000	0.000	0.000	0.000	
1789	SPC	ROI	ACQ	1	1	80	1	1340	138	260	103.754	66.543	0.000	0.000	0.000	0.000	0.000	60.000	121.80	0.000	0.000	0.000	0.000	0.000	0.000	0.000	0.000	
1790	SPC	ROI	ACQ	1	1	80	1	1340	138	260	103.754	66.543	0.000	0.000	0.000	0.000	0.000	60.000	122.00	0.000	0.000	0.000	0.000	0.000	0.000	0.000	0.000	
1791	SPC	ROI	ACQ	1	1	80	1	1340	138	260	103.924	66.809	0.000	0.000	0.000	0.000	0.000	60.000	122.00	0.000	0.000	0.000	0.000	0.000	0.000	0.000	0.000	
1792	SPC	ROI	ACQ	1	1	80	1	1340	138	260	103.924	66.809	0.000	0.000	0.000	0.000	0.000	60.000	122.00	0.000	0.000	0.000	0.000	0.000	0.000	0.000	0.000	
1793	SPC	ROI	ACQ	1	1	80	1	1340	138	260	103.972	67.011	0.000	0.000	0.000	0.000	0.000	60.000	122.20	0.000	0.000	0.000	0.000	0.000	0.000	0.000	0.000	
1794	SPC	ROI	ACQ	1	1	80	1	1340	138	260	103.972	67.011	0.000	0.000	0.000	0.000	0.000	60.000	122.20	0.000	0.000	0.000	0.000	0.000	0.000	0.000	0.000	
1795	SPC	ROI	ACQ	1	1	80	1	1340	138	260	104.157	66.809	0.000	0.000	0.000	0.000	0.000	60.000	122.20	0.000	0.000	0.000	0.000	0.000	0.000	0.000	0.000	
1796	SPC	ROI	ACQ	1	1	80	1	1340	138	260	104.254	66.720	0.000	0.000	0.000	0.000	0.000	60.000	122.40	0.000	0.000	0.000	0.000	0.000	0.000	0.000	0.000	
1797	SPC	ROI	ACQ	1	1	80	1	1340	138	260	104.254	66.720	0.000	0.000	0.000	0.000	0.000	60.000	122.40	0.000	0.000	0.000	0.000	0.000	0.000	0.000	0.000	
1798	SPC	ROI	ACQ	1	1	80	1	1340	138	260	103.883	66.753	0.000	0.000	0.000	0.000	0.000	60.000	122.40	0.000	0.000	0.000	0.000	0.000	0.000	0.000	0.000	
1799	SPC	ROI	ACQ	1	1	80	1	1340	138	260	103.883	66.753	0.000	0.000	0.000	0.000	0.000	60.000	122.60	0.000	0.000	0.000	0.000	0.000	0.000	0.000	0.000	
1800	SPC	ROI	ACQ	1	1	80	1	1340	138	260	103.795	66.898	0.000	0.000	0.000	0.000	0.000	60.000	122.60	0.000	0.000	0.000	0.000	0.000	0.000	0.000	0.000	
1801	SPC	ROI	ACQ	1	1	80	1	1340	138	260	103.795	66.898	0.000	0.000	0.000	0.000	0.000	60.000	122.60	0.000	0.000	0.000	0.000	0.000	0.000	0.000	0.000	
1802	SPC	ROI	ACQ	1	1	80	1	1340	138	260	103.843	66.898	0.000	0.000	0.000	0.000	0.000	60.000	122.80	0.000	0.000	0.000	0.000	0.000	0.000	0.000	0.000	
1803	SPC	ROI	ACQ	1	1	80	1	1340	138	260	103.843	66.898	0.000	0.000	0.000	0.000	0.000	60.000	122.80	0.000	0.000	0.000	0.000	0.000	0.000	0.000	0.000	
1804	SPC	ROI	ACQ	1	1	80	1	1340	138	260	104.101	66.930	0.000	0.000	0.000	0.000	0.000	60.000	122.80	0.000	0.000	0.000	0.000	0.000	0.000	0.000	0.000	
1805	SPC	ROI	ACQ	1	1	80	1	1340	138	260	103.988	66.841	0.000	0.000	0.000	0.000	0.000	60.000	123.00	0.000	0.000	0.000	0.000	0.000	0.000	0.000	0.000	
1806	SPC	ROI	ACQ	1	1	80	1	1340	138	260	103.988	66.841	0.000	0.000	0.000	0.000	0.000	60.000	123.00	0.000	0.000	0.000	0.000	0.000	0.000	0.000	0.000	
1807	SPC	ROI	ACQ	1	1	80	1	1340	138	260	104.327	66.946	0.000	0.000	0.000	0.000	0.000	60.000	123.00	0.000	0.000	0.000	0.000	0.000	0.000	0.000	0.000	
1808	SPC	ROI	ACQ	1	1	80	1	1340	138	260	103.932	66.882	0.000	0.000	0.000	0.000	0.000	60.000	123.20	0.000	0.000	0.000	0.000	0.000	0.000	0.000	0.000	
1809	SPC	ROI	ACQ	1	1	80	1	1340	138	260	103.932	66.882	0.000	0.000	0.000	0.000	0.000	60.000	123.20	0.000	0.000	0.000	0.000	0.000	0.000	0.000	0.000	
1810	SPC	ROI	ACQ	1	1	80	1	1340	138	260	103.948	66.761	0.000	0.000	0.000	0.000	0.000	60.000	123.20	0.000	0.000	0.000	0.000	0.000	0.000	0.000	0.000	
1811	SPC	ROI	ACQ	1	1	80	1	1340	138	260	103.948	66.761	0.000	0.000	0.000	0.000	0.000	60.000	123.40	0.000	0.000	0.000	0.000	0.000	0.000	0.000	0.000	
1812	SPC	ROI	ACQ	1	1	80	1	1340	138	260	103.867	66.938	0.000	0.000	0.000	0.000	0.000	60.000	123.40	0.000	0.000	0.000	0.000	0.000	0.000	0.000	0.000	
1813	SPC	ROI	ACQ	1	1	80	1	1340	138	260	103.867	66.938	0.000	0.000	0.000	0.000	0.000	60.000	123.40	0.000	0.000	0.000	0.000	0.000	0.000	0.000	0.000	
1814	SPC	ROI	ACQ	1	1	80	1	1340	138	260	103.956	66.745	0.000	0.000	0.000	0.000	0.000	60.000	123.60	0.000	0.000	0.000	0.000	0.000	0.000	0.000	0.000	
1815	SPC	ROI	ACQ	1	1	80	1	1340	138	260	104.206	66.809	0.000	0.000	0.000	0.000	0.000	60.000	123.60	0.000	0.000	0.000	0.000	0.000	0.000	0.000	0.000	
1816	SPC	ROI	ACQ	1	1	80	1	1340	138	260	104.206	66.809	0.000	0.000	0.000	0.000	0.000	60.000	123.60	0.000	0.000	0.000	0.000	0.000	0.000	0.000	0.000	
1817	SPC	ROI	ACQ	1	1	80	1	1340	138	260	104.045	66.890	0.000	0.000	0.000	0.000	0.000	60.000	123.80	0.000	0.000	0.000	0.000	0.000	0.000	0.000	0.000	
1818	SPC	ROI	ACQ	1	1	80	1	1340	138	260	103.924	66.930	0.000	0.000	0.000	0.000	0.000	60.000	123.80	0.000	0.000	0.000	0.000	0.000	0.000	0.000	0.000	
1819	SPC	ROI	ACQ	1	1	80	1	1340	138	260	103.924	66.930	0.000	0.000	0.000	0.000	0.000	60.000	123.80	0.000	0.000	0.000	0.000	0.000	0.000	0.000	0.000	
1820	SPC	ROI	ACQ	1	1	80	1	1340	138	260	104.173	66.720	0.000	0.000	0.000	0.000	0.000	60.000	124.00	0.000	0.000	0.000	0.000	0.000	0.000	0.000	0.000	
1821	SPC	ROI	ACQ	1	1	80	1	1340	138	260	103.771	66.930	0.000	0.000	0.000	0.000	0.000	60.000	124.00	0.000	0.000	0.000	0.000	0.000	0.000	0.000	0.000	
1822	SPC	ROI	ACQ	1	1	80	1	1340	138	260	103.771	66.930	0.000	0.000	0.000	0.000	0.000	60.000	124.00	0.000	0.000	0.000	0.000	0.000	0.000	0.000	0.000	
1823	SPC	ROI	ACQ	1	1	80	1	1340	138	260	104.109	67.011	0.000	0.000	0.000	0.000	0.000	60.000	124.20	0.000	0.000	0.000	0.000	0.000	0.000	0.000	0.000	
1824	SPC	ROI	ACQ	1	1	80	1	1340	138	260	104.109	67.011	0.000	0.000	0.000	0.000	0.000	60.000	124.20	0.000	0.000	0.000	0.000	0.000	0.000	0.000	0.000	
1825	SPC	ROI	ACQ	1	1	80	1	1340	138	260	104.206	66.712	0.000	0.000	0.000	0.000	0.000	60.000	124.20	0.000	0.000	0.000	0.000	0.000	0.000	0.000	0.000	
1826	SPC	ROI	ACQ	1	1	80	1	1340	138	260	103.972	67.204	0.000	0.000	0.000	0.000	0.000	60.000	124.40	0.000	0.000	0.000	0.000	0.000	0.000	0.000	0.000	
1827	SPC	ROI	ACQ	1	1	80	1	1340	138	260	103.972	67.204	0.000	0.000	0.000	0.000	0.000	60.000	124.40	0.000	0.000	0.000	0.000	0.000	0.000	0.000	0.000	
1828	SPC	ROI	ACQ	1	1	80	1	1340	138	260	104.012	66.946	0.000	0.000	0.000	0.000	0.000	60.000	124.40	0.000	0.000	0.000	0.000	0.000	0.000	0.000	0.000	
1829	SPC	ROI	ACQ	1	1	80	1	1340	138	260	104.012	66.946	0.000	0.000	0.000	0.000	0.000	60.000	124.60	0.000	0.000	0.000	0.000	0.000	0.000	0.000	0.000	
1830	SPC	ROI	ACQ	1	1	80	1	1340	138	260	103.811	66.890	0.000	0.000	0.000	0.000	0.000	60.000	124.60	0.000	0.000	0.000	0.000	0.000	0.000	0.000	0.000	
1831	SPC	ROI	ACQ	1	1	80	1	1340	138	260	103.811	66.890	0.000	0.000	0.000	0.000	0.000	60.000	124.60	0.000	0.000	0.000	0.000	0.000	0.000	0.000	0.000	
1832	SPC	ROI	ACQ	1	1	80	1	1340	138	260	103.875	66.712	0.000	0.000	0.000	0.000	0.000	60.000	124.80	0.000	0.000	0.000	0.000	0.000	0.000	0.000	0.000	
1833	SPC	ROI	ACQ	1	1	80	1	1340	138	260	104.053	66.841	0.000	0.000	0.000	0.000	0.000	60.000	124.80	0.000	0.000	0.000	0.000	0.000	0.000	0.000	0.000	
1834	SPC	ROI	ACQ	1	1	80	1	1340	138	260	104.053	66.841	0.000	0.000	0.000	0.000	0.000	60.000	124.80	0.000	0.000	0.000	0.000	0.000	0.000	0.000	0.000	
1835	SPC	ROI	ACQ	1	1	80	1	1340	138	260	103.996	66.922	0.000	0.000	0.000	0.000	0.000	60.000	125.00	0.000	0.000	0.000	0.000	0.000	0.000	0.000	0.000	
1836	SPC	ROI	ACQ	1	1	80	1	1340	138	260	103.996	66.922	0.000	0.000	0.000	0.000	0.000	60.000	125.00	0.000	0.000	0.000	0.000	0.000	0.000	0.000	0.000	
1837	SPC	ROI	ACQ	1	1	80	1	1340	138	260	103.932	66.946	0.000	0.000	0.000	0.000	0.000	60.000	125.00	0.000	0.000	0.000	0.000	0.000	0.000	0.000	0.000	
1838	SPC	ROI	ACQ	1	1	80	1	1340	138	260	103.964	66.825	0.000	0.000	0.000	0.000	0.000	60.000	125.20	0.000	0.000	0.000	0.000	0.000	0.000	0.000	0.000	
1839	SPC	ROI	ACQ	1	1	80	1	1340	138	260	103.964	66.825	0.000	0.000	0.000	0.000	0.000	60.000	125.20	0.000	0.000	0.000	0.000	0.000	0.000	0.000	0.000	
1840	SPC	ROI	ACQ	1	1	80	1	1340	138	260	104.238	66.769	0.000	0.000	0.000	0.000	0.000	60.000	125.20	0.000	0.000	0.000	0.000	0.000	0.000	0.000	0.000	
1841	SPC	ROI	ACQ	1	1	80	1	1340	138	260	103.730	66.946	0.000	0.000	0.000	0.000	0.000	60.000	125.40	0.000	0.000	0.000	0.000	0.000	0.000	0.000	0.000	
1842	SPC	ROI	ACQ	1	1	80	1	1340	138	260	103.730	66.946	0.000	0.000	0.000	0.000	0.000	60.000	125.40	0.000	0.000	0.000	0.000	0.000	0.000	0.000	0.000	
1843	SPC	ROI	ACQ	1	1	80	1	1340	138	260	103.730	66.946	0.000	0.000	0.000	0.000	0.000	60.000	125.40	0.000	0.000	0.000	0.000	0.000	0.000	0.000	0.000	
1844	SPC	ROI	ACQ	1	1	80	1	1340	138	260	104.069	66.825	0.000	0.000	0.000	0.000	0.000	60.000	125.60	0.000	0.000	0.000	0.000	0.000	0.000	0.000	0.000	
1845	SPC	ROI	ACQ	1	1	80	1	1340	138	260	104.182	67.131	0.000	0.000	0.000	0.000	0.000	60.000	125.60	0.000	0.000	0.000	0.000	0.000	0.000	0.000	0.000	
1846	SPC	ROI	ACQ	1	1	80	1	1340	138	260	104.182	67.131	0.000	0.000	0.000	0.000	0.000	60.000	125.60	0.000	0.000	0.000	0.000	0.000	0.000	0.000	0.000	
1847	SPC	ROI	ACQ	1	1	80	1	1340	138	260	103.771	66.817	0.000	0.000	0.000	0.000	0.000	60.000	125.80	0.000	0.000	0.000	0.000	0.000	0.000	0.000	0.000	
1848	SPC	ROI	ACQ	1	1	80	1	1340	138	260	103.771	66.817	0.000	0.000	0.000	0.000	0.000	60.000	125.80	0.000	0.000	0.000	0.000	0.000	0.000	0.000	0.000	
1849	SPC	ROI	ACQ	1	1	80	1	1340	138	260	103.754	67.027	0.000	0.000	0.000	0.000	0.000	60.000	125.80	0.000	0.000	0.000	0.000	0.000	0.000	0.000	0.000	
1850	SPC	ROI	ACQ	1	1	80	1	1340	138	260	104.028	66.785	0.000	0.000	0.000	0.000	0.000	60.000	126.00	0.000	0.000	0.000	0.000	0.000	0.000	0.000	0.000	
1851	SPC	ROI	ACQ	1	1	80	1	1340	138	260	104.028	66.785	0.000	0.000	0.000	0.000	0.000	60.000	126.00	0.000	0.000	0.000	0.000	0.000	0.000	0.000	0.000	
1852	SPC	ROI	ACQ	1	1	80	1	1340	138	260	103.851	66.793	0.000	0.000	0.000	0.000	0.000	60.000	126.00	0.000	0.000	0.000	0.000	0.000	0.000	0.000	0.000	
1853	SPC	ROI	ACQ	1	1	80	1	1340	138	260	103.851	66.793	0.000	0.000	0.000	0.000	0.000	60.000	126.20	0.000	0.000	0.000	0.000	0.000	0.000	0.000	0.000	
1854	SPC	ROI	ACQ	1	1	80	1	1340	138	260	103.988	67.059	0.000	0.000	0.000	0.000	0.000	60.000	126.20	0.000	0.000	0.000	0.000	0.000	0.000	0.000	0.000	
1855	SPC	ROI	ACQ	1	1	80	1	1340	138	260	103.988	67.059	0.000	0.000	0.000	0.000	0.000	60.000	126.20	0.000	0.000	0.000	0.000	0.000	0.000	0.000	0.000	
1856	SPC	ROI	ACQ	1	1	80	1	1340	138	260	104.383	67.147	0.000	0.000	0.000	0.000	0.000	60.000	126.40	0.000	0.000	0.000	0.000	0.000	0.000	0.000	0.000	
1857	SPC	ROI	ACQ	1	1	80	1	1340	138	260	104.262	67.059	0.000	0.000	0.000	0.000	0.000	60.000	126.40	0.000	0.000	0.000	0.000	0.000	0.000	0.000	0.000	
1858	SPC	ROI	ACQ	1	1	80	1	1340	138	260	104.262	67.059	0.000	0.000	0.000	0.000	0.000	60.000	126.40	0.000	0.000	0.000	0.000	0.000	0.000	0.000	0.000	
1859	SPC	ROI	ACQ	1	1	80	1	1340	138	260	103.988	67.027	0.000	0.000	0.000	0.000	0.000	60.000	126.60	0.000	0.000	0.000	0.000	0.000	0.000	0.000	0.000	
1860	SPC	ROI	ACQ	1	1	80	1	1340	138	260	103.988	67.027	0.000	0.000	0.000	0.000	0.000	60.000	126.60	0.000	0.000	0.000	0.000	0.000	0.000	0.000	0.000	
1861	SPC	ROI	ACQ	1	1	80	1	1340	138	260	104.020	66.986	0.000	0.000	0.000	0.000	0.000	60.000	126.60	0.000	0.000	0.000	0.000	0.000	0.000	0.000	0.000	
1862	SPC	ROI	ACQ	1	1	80	1	1340	138	260	104.020	67.164	0.000	0.000	0.000	0.000	0.000	60.000	126.80	0.000	0.000	0.000	0.000	0.000	0.000	0.000	0.000	
1863	SPC	ROI	ACQ	1	1	80	1	1340	138	260	104.020	67.164	0.000	0.000	0.000	0.000	0.000	60.000	126.80	0.000	0.000	0.000	0.000	0.000	0.000	0.000	0.000	
1864	SPC	ROI	ACQ	1	1	80	1	1340	138	260	103.746	66.857	0.000	0.000	0.000	0.000	0.000	60.000	126.80	0.000	0.000	0.000	0.000	0.000	0.000	0.000	0.000	
1865	SPC	ROI	ACQ	1	1	80	1	1340	138	260	103.746	66.857	0.000	0.000	0.000	0.000	0.000	60.000	127.00	0.000	0.000	0.000	0.000	0.000	0.000	0.000	0.000	
1866	SPC	ROI	ACQ	1	1	80	1	1340	138	260	104.157	66.946	0.000	0.000	0.000	0.000	0.000	60.000	127.00	0.000	0.000	0.000	0.000	0.000	0.000	0.000	0.000	
1867	SPC	ROI	ACQ	1	1	80	1	1340	138	260	104.157	66.946	0.000	0.000	0.000	0.000	0.000	60.000	127.00	0.000	0.000	0.000	0.000	0.000	0.000	0.000	0.000	
1868	SPC	ROI	ACQ	1	1	80	1	1340	138	260	103.835	66.801	0.000	0.000	0.000	0.000	0.000	60.000	127.20	0.000	0.000	0.000	0.000	0.000	0.000	0.000	0.000	
1869	SPC	ROI	ACQ	1	1	80	1	1340	138	260	104.053	66.833	0.000	0.000	0.000	0.000	0.000	60.000	127.20	0.000	0.000	0.000	0.000	0.000	0.000	0.000	0.000	
1870	SPC	ROI	ACQ	1	1	80	1	1340	138	260	104.053	66.833	0.000	0.000	0.000	0.000	0.000	60.000	127.20	0.000	0.000	0.000	0.000	0.000	0.000	0.000	0.000	
1871	SPC	ROI	ACQ	1	1	80	1	1340	138	260	104.165	66.801	0.000	0.000	0.000	0.000	0.000	60.000	127.40	0.000	0.000	0.000	0.000	0.000	0.000	0.000	0.000	
1872	SPC	ROI	ACQ	1	1	80	1	1340	138	260	103.883	66.954	0.000	0.000	0.000	0.000	0.000	60.000	127.40	0.000	0.000	0.000	0.000	0.000	0.000	0.000	0.000	
1873	SPC	ROI	ACQ	1	1	80	1	1340	138	260	103.883	66.954	0.000	0.000	0.000	0.000	0.000	60.000	127.40	0.000	0.000	0.000	0.000	0.000	0.000	0.000	0.000	
1874	SPC	ROI	ACQ	1	1	80	1	1340	138	260	103.972	66.809	0.000	0.000	0.000	0.000	0.000	60.000	127.60	0.000	0.000	0.000	0.000	0.000	0.000	0.000	0.000	
1875	SPC	ROI	ACQ	1	1	80	1	1340	138	260	104.020	66.745	0.000	0.000	0.000	0.000	0.000	60.000	127.60	0.000	0.000	0.000	0.000	0.000	0.000	0.000	0.000	
1876	SPC	ROI	ACQ	1	1	80	1	1340	138	260	104.141	67.268	0.000	0.000	0.000	0.000	0.000	60.000	127.60	0.000	0.000	0.000	0.000	0.000	0.000	0.000	0.000	
1877	SPC	ROI	ACQ	1	1	80	1	1340	138	260	104.141	67.268	0.000	0.000	0.000	0.000	0.000	60.000	127.80	0.000	0.000	0.000	0.000	0.000	0.000	0.000	0.000	
1878	SPC	ROI	ACQ	1	1	80	1	1340	138	260	104.045	66.801	0.000	0.000	0.000	0.000	0.000	60.000	127.80	0.000	0.000	0.000	0.000	0.000	0.000	0.000	0.000	
1879	SPC	ROI	ACQ	1	1	80	1	1340	138	260	104.045	66.801	0.000	0.000	0.000	0.000	0.000	60.000	127.80	0.000	0.000	0.000	0.000	0.000	0.000	0.000	0.000	
1880	SPC	ROI	ACQ	1	1	80	1	1340	138	260	103.988	66.785	0.000	0.000	0.000	0.000	0.000	60.000	128.00	0.000	0.000	0.000	0.000	0.000	0.000	0.000	0.000	
1881	SPC	ROI	ACQ	1	1	80	1	1340	138	260	103.682	67.381	0.000	0.000	0.000	0.000	0.000	60.000	128.00	0.000	0.000	0.000	0.000	0.000	0.000	0.000	0.000	
1882	SPC	ROI	ACQ	1	1	80	1	1340	138	260	103.682	67.381	0.000	0.000	0.000	0.000	0.000	60.000	128.00	0.000	0.000	0.000	0.000	0.000	0.000	0.000	0.000	
1883	SPC	ROI	ACQ	1	1	80	1	1340	138	260	103.972	67.059	0.000	0.000	0.000	0.000	0.000	60.000	128.20	0.000	0.000	0.000	0.000	0.000	0.000	0.000	0.000	
1884	SPC	ROI	ACQ	1	1	80	1	1340	138	260	103.972	67.059	0.000	0.000	0.000	0.000	0.000	60.000	128.20	0.000	0.000	0.000	0.000	0.000	0.000	0.000	0.000	
1885	SPC	ROI	ACQ	1	1	80	1	1340	138	260	104.061	66.817	0.000	0.000	0.000	0.000	0.000	60.000	128.20	0.000	0.000	0.000	0.000	0.000	0.000	0.000	0.000	
1886	SPC	ROI	ACQ	1	1	80	1	1340	138	260	104.053	66.930	0.000	0.000	0.000	0.000	0.000	60.000	128.40	0.000	0.000	0.000	0.000	0.000	0.000	0.000	0.000	
1887	SPC	ROI	ACQ	1	1	80	1	1340	138	260	104.053	66.930	0.000	0.000	0.000	0.000	0.000	60.000	128.40	0.000	0.000	0.000	0.000	0.000	0.000	0.000	0.000	
1888	SPC	ROI	ACQ	1	1	80	1	1340	138	260	103.859	66.962	0.000	0.000	0.000	0.000	0.000	60.000	128.40	0.000	0.000	0.000	0.000	0.000	0.000	0.000	0.000	
1889	SPC	ROI	ACQ	1	1	80	1	1340	138	260	103.859	66.962	0.000	0.000	0.000	0.000	0.000	60.000	128.60	0.000	0.000	0.000	0.000	0.000	0.000	0.000	0.000	
1890	SPC	ROI	ACQ	1	1	80	1	1340	138	260	103.972	67.043	0.000	0.000	0.000	0.000	0.000	60.000	128.60	0.000	0.000	0.000	0.000	0.000	0.000	0.000	0.000	
1891	SPC	ROI	ACQ	1	1	80	1	1340	138	260	103.972	67.043	0.000	0.000	0.000	0.000	0.000	60.000	128.60	0.000	0.000	0.000	0.000	0.000	0.000	0.000	0.000	
1892	SPC	ROI	ACQ	1	1	80	1	1340	138	260	104.157	66.865	0.000	0.000	0.000	0.000	0.000	60.000	128.80	0.000	0.000	0.000	0.000	0.000	0.000	0.000	0.000	
1893	SPC	ROI	ACQ	1	1	80	1	1340	138	260	103.722	66.906	0.000	0.000	0.000	0.000	0.000	60.000	128.80	0.000	0.000	0.000	0.000	0.000	0.000	0.000	0.000	
1894	SPC	ROI	ACQ	1	1	80	1	1340	138	260	103.722	66.906	0.000	0.000	0.000	0.000	0.000	60.000	128.80	0.000	0.000	0.000	0.000	0.000	0.000	0.000	0.000	
1895	SPC	ROI	ACQ	1	1	80	1	1340	138	260	104.045	66.567	0.000	0.000	0.000	0.000	0.000	60.000	129.00	0.000	0.000	0.000	0.000	0.000	0.000	0.000	0.000	
1896	SPC	ROI	ACQ	1	1	80	1	1340	138	260	104.045	66.567	0.000	0.000	0.000	0.000	0.000	60.000	129.00	0.000	0.000	0.000	0.000	0.000	0.000	0.000	0.000	
1897	SPC	ROI	ACQ	1	1	80	1	1340	138	260	104.214	66.882	0.000	0.000	0.000	0.000	0.000	60.000	129.00	0.000	0.000	0.000	0.000	0.000	0.000	0.000	0.000	
1898	SPC	ROI	ACQ	1	1	80	1	1340	138	260	104.214	66.882	0.000	0.000	0.000	0.000	0.000	60.000	129.20	0.000	0.000	0.000	0.000	0.000	0.000	0.000	0.000	
1899	SPC	ROI	ACQ	1	1	80	1	1340	138	260	104.206	66.954	0.000	0.000	0.000	0.000	0.000	60.000	129.20	0.000	0.000	0.000	0.000	0.000	0.000	0.000	0.000	
1900	SPC	ROI	ACQ	1	1	80	1	1340	138	260	104.206	66.954	0.000	0.000	0.000	0.000	0.000	60.000	129.20	0.000	0.000	0.000	0.000	0.000	0.000	0.000	0.000	
1901	SPC	ROI	ACQ	1	1	80	1	1340	138	260	104.020	66.874	0.000	0.000	0.000	0.000	0.000	60.000	129.40	0.000	0.000	0.000	0.000	0.000	0.000	0.000	0.000	
1902	SPC	ROI	ACQ	1	1	80	1	1340	138	260	104.020	66.874	0.000	0.000	0.000	0.000	0.000	60.000	129.40	0.000	0.000	0.000	0.000	0.000	0.000	0.000	0.000	
1903	SPC	ROI	ACQ	1	1	80	1	1340	138	260	103.875	67.019	0.000	0.000	0.000	0.000	0.000	60.000	129.40	0.000	0.000	0.000	0.000	0.000	0.000	0.000	0.000	
1904	SPC	ROI	ACQ	1	1	80	1	1340	138	260	103.908	66.785	0.000	0.000	0.000	0.000	0.000	60.000	129.60	0.000	0.000	0.000	0.000	0.000	0.000	0.000	0.000	
1905	SPC	ROI	ACQ	1	1	80	1	1340	138	260	103.908	66.785	0.000	0.000	0.000	0.000	0.000	60.000	129.60	0.000	0.000	0.000	0.000	0.000	0.000	0.000	0.000	
1906	SPC	ROI	ACQ	1	1	80	1	1340	138	260	103.908	66.785	0.000	0.000	0.000	0.000	0.000	60.000	129.60	0.000	0.000	0.000	0.000	0.000	0.000	0.000	0.000	
1907	SPC	ROI	ACQ	1	1	80	1	1340	138	260	104.278	66.656	0.000	0.000	0.000	0.000	0.000	60.000	129.80	0.000	0.000	0.000	0.000	0.000	0.000	0.000	0.000	
1908	SPC	ROI	ACQ	1	1	80	1	1340	138	260	104.045	67.067	0.000	0.000	0.000	0.000	0.000	60.000	129.80	0.000	0.000	0.000	0.000	0.000	0.000	0.000	0.000	
1909	SPC	ROI	ACQ	1	1	80	1	1340	138	260	104.045	67.067	0.000	0.000	0.000	0.000	0.000	60.000	129.80	0.000	0.000	0.000	0.000	0.000	0.000	0.000	0.000	
1910	SPC	ROI	ACQ	1	1	80	1	1340	138	260	103.835	67.260	0.000	0.000	0.000	0.000	0.000	60.000	130.00	0.000	0.000	0.000	0.000	0.000	0.000	0.000	0.000	
1911	SPC	ROI	ACQ	1	1	80	1	1340	138	260	103.835	67.260	0.000	0.000	0.000	0.000	0.000	60.000	130.00	0.000	0.000	0.000	0.000	0.000	0.000	0.000	0.000	
1912	SPC	ROI	ACQ	1	1	80	1	1340	138	260	104.036	67.123	0.000	0.000	0.000	0.000	0.000	60.000	130.00	0.000	0.000	0.000	0.000	0.000	0.000	0.000	0.000	
1913	SPC	ROI	ACQ	1	1	80	1	1340	138	260	103.738	66.914	0.000	0.000	0.000	0.000	0.000	60.000	130.20	0.000	0.000	0.000	0.000	0.000	0.000	0.000	0.000	
1914	SPC	ROI	ACQ	1	1	80	1	1340	138	260	103.738	66.914	0.000	0.000	0.000	0.000	0.000	60.000	130.20	0.000	0.000	0.000	0.000	0.000	0.000	0.000	0.000	
1915	SPC	ROI	ACQ	1	1	80	1	1340	138	260	103.658	66.737	0.000	0.000	0.000	0.000	0.000	60.000	130.20	0.000	0.000	0.000	0.000	0.000	0.000	0.000	0.000	
1916	SPC	ROI	ACQ	1	1	80	1	1340	138	260	104.190	67.067	0.000	0.000	0.000	0.000	0.000	60.000	130.40	0.000	0.000	0.000	0.000	0.000	0.000	0.000	0.000	
1917	SPC	ROI	ACQ	1	1	80	1	1340	138	260	104.190	67.067	0.000	0.000	0.000	0.000	0.000	60.000	130.40	0.000	0.000	0.000	0.000	0.000	0.000	0.000	0.000	
1918	SPC	ROI	ACQ	1	1	80	1	1340	138	260	103.875	67.035	0.000	0.000	0.000	0.000	0.000	60.000	130.40	0.000	0.000	0.000	0.000	0.000	0.000	0.000	0.000	
1919	SPC	ROI	ACQ	1	1	80	1	1340	138	260	103.875	67.035	0.000	0.000	0.000	0.000	0.000	60.000	130.60	0.000	0.000	0.000	0.000	0.000	0.000	0.000	0.000	
1920	SPC	ROI	ACQ	1	1	80	1	1340	138	260	103.932	66.801	0.000	0.000	0.000	0.000	0.000	60.000	130.60	0.000	0.000	0.000	0.000	0.000	0.000	0.000	0.000	
1921	SPC	ROI	ACQ	1	1	80	1	1340	138	260	103.932	66.801	0.000	0.000	0.000	0.000	0.000	60.000	130.60	0.000	0.000	0.000	0.000	0.000	0.000	0.000	0.000	
1922	SPC	ROI	ACQ	1	1	80	1	1340	138	260	103.916	67.002	0.000	0.000	0.000	0.000	0.000	60.000	130.80	0.000	0.000	0.000	0.000	0.000	0.000	0.000	0.000	
1923	SPC	ROI	ACQ	1	1	80	1	1340	138	260	103.956	66.970	0.000	0.000	0.000	0.000	0.000	60.000	130.80	0.000	0.000	0.000	0.000	0.000	0.000	0.000	0.000	
1924	SPC	ROI	ACQ	1	1	80	1	1340	138	260	103.956	66.970	0.000	0.000	0.000	0.000	0.000	60.000	130.80	0.000	0.000	0.000	0.000	0.000	0.000	0.000	0.000	
1925	SPC	ROI	ACQ	1	1	80	1	1340	138	260	104.077	66.793	0.000	0.000	0.000	0.000	0.000	60.000	131.00	0.000	0.000	0.000	0.000	0.000	0.000	0.000	0.000	
1926	SPC	ROI	ACQ	1	1	80	1	1340	138	260	104.077	66.793	0.000	0.000	0.000	0.000	0.000	60.000	131.00	0.000	0.000	0.000	0.000	0.000	0.000	0.000	0.000	
1927	SPC	ROI	ACQ	1	1	80	1	1340	138	260	104.020	66.906	0.000	0.000	0.000	0.000	0.000	60.000	131.00	0.000	0.000	0.000	0.000	0.000	0.000	0.000	0.000	
1928	SPC	ROI	ACQ	1	1	80	1	1340	138	260	103.843	66.938	0.000	0.000	0.000	0.000	0.000	60.000	131.20	0.000	0.000	0.000	0.000	0.000	0.000	0.000	0.000	
1929	SPC	ROI	ACQ	1	1	80	1	1340	138	260	103.843	66.938	0.000	0.000	0.000	0.000	0.000	60.000	131.20	0.000	0.000	0.000	0.000	0.000	0.000	0.000	0.000	
1930	SPC	ROI	ACQ	1	1	80	1	1340	138	260	103.875	66.753	0.000	0.000	0.000	0.000	0.000	60.000	131.20	0.000	0.000	0.000	0.000	0.000	0.000	0.000	0.000	
1931	SPC	ROI	ACQ	1	1	80	1	1340	138	260	103.996	66.761	0.000	0.000	0.000	0.000	0.000	60.000	131.40	0.000	0.000	0.000	0.000	0.000	0.000	0.000	0.000	
1932	SPC	ROI	ACQ	1	1	80	1	1340	138	260	103.996	66.761	0.000	0.000	0.000	0.000	0.000	60.000	131.40	0.000	0.000	0.000	0.000	0.000	0.000	0.000	0.000	
1933	SPC	ROI	ACQ	1	1	80	1	1340	138	260	104.045	66.930	0.000	0.000	0.000	0.000	0.000	60.000	131.40	0.000	0.000	0.000	0.000	0.000	0.000	0.000	0.000	
1934	SPC	ROI	ACQ	1	1	80	1	1340	138	260	103.851	66.801	0.000	0.000	0.000	0.000	0.000	60.000	131.60	0.000	0.000	0.000	0.000	0.000	0.000	0.000	0.000	
1935	SPC	ROI	ACQ	1	1	80	1	1340	138	260	104.061	66.809	0.000	0.000	0.000	0.000	0.000	60.000	131.60	0.000	0.000	0.000	0.000	0.000	0.000	0.000	0.000	
1936	SPC	ROI	ACQ	1	1	80	1	1340	138	260	104.061	66.809	0.000	0.000	0.000	0.000	0.000	60.000	131.60	0.000	0.000	0.000	0.000	0.000	0.000	0.000	0.000	
1937	SPC	ROI	ACQ	1	1	80	1	1340	138	260	104.109	66.737	0.000	0.000	0.000	0.000	0.000	60.000	131.80	0.000	0.000	0.000	0.000	0.000	0.000	0.000	0.000	
1938	SPC	ROI	ACQ	1	1	80	1	1340	138	260	104.109	66.737	0.000	0.000	0.000	0.000	0.000	60.000	131.80	0.000	0.000	0.000	0.000	0.000	0.000	0.000	0.000	
1939	SPC	ROI	ACQ	1	1	80	1	1340	138	260	104.238	66.801	0.000	0.000	0.000	0.000	0.000	60.000	131.80	0.000	0.000	0.000	0.000	0.000	0.000	0.000	0.000	
1940	SPC	ROI	ACQ	1	1	80	1	1340	138	260	104.238	66.801	0.000	0.000	0.000	0.000	0.000	60.000	132.00	0.000	0.000	0.000	0.000	0.000	0.000	0.000	0.000	
1941	SPC	ROI	ACQ	1	1	80	1	1340	138	260	103.883	66.962	0.000	0.000	0.000	0.000	0.000	60.000	132.00	0.000	0.000	0.000	0.000	0.000	0.000	0.000	0.000	
1942	SPC	ROI	ACQ	1	1	80	1	1340	138	260	103.883	66.962	0.000	0.000	0.000	0.000	0.000	60.000	132.00	0.000	0.000	0.000	0.000	0.000	0.000	0.000	0.000	
1943	SPC	ROI	ACQ	1	1	80	1	1340	138	260	103.996	66.761	0.000	0.000	0.000	0.000	0.000	60.000	132.20	0.000	0.000	0.000	0.000	0.000	0.000	0.000	0.000	
1944	SPC	ROI	ACQ	1	1	80	1	1340	138	260	104.133	67.156	0.000	0.000	0.000	0.000	0.000	60.000	132.20	0.000	0.000	0.000	0.000	0.000	0.000	0.000	0.000	
1945	SPC	ROI	ACQ	1	1	80	1	1340	138	260	104.133	67.156	0.000	0.000	0.000	0.000	0.000	60.000	132.20	0.000	0.000	0.000	0.000	0.000	0.000	0.000	0.000	
1946	SPC	ROI	ACQ	1	1	80	1	1340	138	260	104.319	66.978	0.000	0.000	0.000	0.000	0.000	60.000	132.40	0.000	0.000	0.000	0.000	0.000	0.000	0.000	0.000	
1947	SPC	ROI	ACQ	1	1	80	1	1340	138	260	104.165	66.857	0.000	0.000	0.000	0.000	0.000	60.000	132.40	0.000	0.000	0.000	0.000	0.000	0.000	0.000	0.000	
1948	SPC	ROI	ACQ	1	1	80	1	1340	138	260	104.165	66.857	0.000	0.000	0.000	0.000	0.000	60.000	132.40	0.000	0.000	0.000	0.000	0.000	0.000	0.000	0.000	
1949	SPC	ROI	ACQ	1	1	80	1	1340	138	260	104.206	66.874	0.000	0.000	0.000	0.000	0.000	60.000	132.60	0.000	0.000	0.000	0.000	0.000	0.000	0.000	0.000	
1950	SPC	ROI	ACQ	1	1	80	1	1340	138	260	104.206	66.874	0.000	0.000	0.000	0.000	0.000	60.000	132.60	0.000	0.000	0.000	0.000	0.000	0.000	0.000	0.000	
1951	SPC	ROI	ACQ	1	1	80	1	1340	138	260	104.020	66.978	0.000	0.000	0.000	0.000	0.000	60.000	132.60	0.000	0.000	0.000	0.000	0.000	0.000	0.000	0.000	
1952	SPC	ROI	ACQ	1	1	80	1	1340	138	260	104.020	66.978	0.000	0.000	0.000	0.000	0.000	60.000	132.80	0.000	0.000	0.000	0.000	0.000	0.000	0.000	0.000	
1953	SPC	ROI	ACQ	1	1	80	1	1340	138	260	103.601	67.059	0.000	0.000	0.000	0.000	0.000	60.000	132.80	0.000	0.000	0.000	0.000	0.000	0.000	0.000	0.000	
1954	SPC	ROI	ACQ	1	1	80	1	1340	138	260	103.601	67.059	0.000	0.000	0.000	0.000	0.000	60.000	132.80	0.000	0.000	0.000	0.000	0.000	0.000	0.000	0.000	
1955	SPC	ROI	ACQ	1	1	80	1	1340	138	260	103.859	66.930	0.000	0.000	0.000	0.000	0.000	60.000	133.00	0.000	0.000	0.000	0.000	0.000	0.000	0.000	0.000	
1956	SPC	ROI	ACQ	1	1	80	1	1340	138	260	103.956	67.172	0.000	0.000	0.000	0.000	0.000	60.000	133.00	0.000	0.000	0.000	0.000	0.000	0.000	0.000	0.000	
1957	SPC	ROI	ACQ	1	1	80	1	1340	138	260	103.956	67.172	0.000	0.000	0.000	0.000	0.000	60.000	133.00	0.000	0.000	0.000	0.000	0.000	0.000	0.000	0.000	
1958	SPC	ROI	ACQ	1	1	80	1	1340	138	260	103.803	66.906	0.000	0.000	0.000	0.000	0.000	60.000	133.20	0.000	0.000	0.000	0.000	0.000	0.000	0.000	0.000	
1959	SPC	ROI	ACQ	1	1	80	1	1340	138	260	103.803	66.906	0.000	0.000	0.000	0.000	0.000	60.000	133.20	0.000	0.000	0.000	0.000	0.000	0.000	0.000	0.000	
1960	SPC	ROI	ACQ	1	1	80	1	1340	138	260	104.238	66.769	0.000	0.000	0.000	0.000	0.000	60.000	133.20	0.000	0.000	0.000	0.000	0.000	0.000	0.000	0.000	
1961	SPC	ROI	ACQ	1	1	80	1	1340	138	260	104.238	66.769	0.000	0.000	0.000	0.000	0.000	60.000	133.40	0.000	0.000	0.000	0.000	0.000	0.000	0.000	0.000	
1962	SPC	ROI	ACQ	1	1	80	1	1340	138	260	103.916	66.922	0.000	0.000	0.000	0.000	0.000	60.000	133.40	0.000	0.000	0.000	0.000	0.000	0.000	0.000	0.000	
1963	SPC	ROI	ACQ	1	1	80	1	1340	138	260	103.916	66.922	0.000	0.000	0.000	0.000	0.000	60.000	133.40	0.000	0.000	0.000	0.000	0.000	0.000	0.000	0.000	
1964	SPC	ROI	ACQ	1	1	80	1	1340	138	260	103.851	66.849	0.000	0.000	0.000	0.000	0.000	60.000	133.60	0.000	0.000	0.000	0.000	0.000	0.000	0.000	0.000	
1965	SPC	ROI	ACQ	1	1	80	1	1340	138	260	103.924	66.825	0.000	0.000	0.000	0.000	0.000	60.000	133.60	0.000	0.000	0.000	0.000	0.000	0.000	0.000	0.000	
1966	SPC	ROI	ACQ	1	1	80	1	1340	138	260	103.924	66.825	0.000	0.000	0.000	0.000	0.000	60.000	133.60	0.000	0.000	0.000	0.000	0.000	0.000	0.000	0.000	
1967	SPC	ROI	ACQ	1	1	80	1	1340	138	260	103.456	67.131	0.000	0.000	0.000	0.000	0.000	60.000	133.80	0.000	0.000	0.000	0.000	0.000	0.000	0.000	0.000	
1968	SPC	ROI	ACQ	1	1	80	1	1340	138	260	103.456	67.131	0.000	0.000	0.000	0.000	0.000	60.000	133.80	0.000	0.000	0.000	0.000	0.000	0.000	0.000	0.000	
1969	SPC	ROI	ACQ	1	1	80	1	1340	138	260	104.149	66.769	0.000	0.000	0.000	0.000	0.000	60.000	133.80	0.000	0.000	0.000	0.000	0.000	0.000	0.000	0.000	
1970	SPC	ROI	ACQ	1	1	80	1	1340	138	260	104.254	67.051	0.000	0.000	0.000	0.000	0.000	60.000	134.00	0.000	0.000	0.000	0.000	0.000	0.000	0.000	0.000	
1971	SPC	ROI	ACQ	1	1	80	1	1340	138	260	104.254	67.051	0.000	0.000	0.000	0.000	0.000	60.000	134.00	0.000	0.000	0.000	0.000	0.000	0.000	0.000	0.000	
1972	SPC	ROI	ACQ	1	1	80	1	1340	138	260	103.835	66.841	0.000	0.000	0.000	0.000	0.000	60.000	134.00	0.000	0.000	0.000	0.000	0.000	0.000	0.000	0.000	
1973	SPC	ROI	ACQ	1	1	80	1	1340	138	260	103.835	66.841	0.000	0.000	0.000	0.000	0.000	60.000	134.20	0.000	0.000	0.000	0.000	0.000	0.000	0.000	0.000	
1974	SPC	ROI	ACQ	1	1	80	1	1340	138	260	104.133	66.825	0.000	0.000	0.000	0.000	0.000	60.000	134.20	0.000	0.000	0.000	0.000	0.000	0.000	0.000	0.000	
1975	SPC	ROI	ACQ	1	1	80	1	1340	138	260	104.133	66.825	0.000	0.000	0.000	0.000	0.000	60.000	134.20	0.000	0.000	0.000	0.000	0.000	0.000	0.000	0.000	
1976	SPC	ROI	ACQ	1	1	80	1	1340	138	260	104.149	66.769	0.000	0.000	0.000	0.000	0.000	60.000	134.40	0.000	0.000	0.000	0.000	0.000	0.000	0.000	0.000	
1977	SPC	ROI	ACQ	1	1	80	1	1340	138	260	104.149	66.769	0.000	0.000	0.000	0.000	0.000	60.000	134.40	0.000	0.000	0.000	0.000	0.000	0.000	0.000	0.000	
1978	SPC	ROI	ACQ	1	1	80	1	1340	138	260	104.077	66.898	0.000	0.000	0.000	0.000	0.000	60.000	134.40	0.000	0.000	0.000	0.000	0.000	0.000	0.000	0.000	
1979	SPC	ROI	ACQ	1	1	80	1	1340	138	260	103.900	66.882	0.000	0.000	0.000	0.000	0.000	60.000	134.60	0.000	0.000	0.000	0.000	0.000	0.000	0.000	0.000	
1980	SPC	ROI	ACQ	1	1	80	1	1340	138	260	103.900	66.882	0.000	0.000	0.000	0.000	0.000	60.000	134.60	0.000	0.000	0.000	0.000	0.000	0.000	0.000	0.000	
1981	SPC	ROI	ACQ	1	1	80	1	1340	138	260	103.988	66.874	0.000	0.000	0.000	0.000	0.000	60.000	134.60	0.000	0.000	0.000	0.000	0.000	0.000	0.000	0.000	
1982	SPC	ROI	ACQ	1	1	80	1	1340	138	260	104.109	66.728	0.000	0.000	0.000	0.000	0.000	60.000	134.80	0.000	0.000	0.000	0.000	0.000	0.000	0.000	0.000	
1983	SPC	ROI	ACQ	1	1	80	1	1340	138	260	104.109	66.728	0.000	0.000	0.000	0.000	0.000	60.000	134.80	0.000	0.000	0.000	0.000	0.000	0.000	0.000	0.000	
1984	SPC	ROI	ACQ	1	1	80	1	1340	138	260	103.779	66.825	0.000	0.000	0.000	0.000	0.000	60.000	134.80	0.000	0.000	0.000	0.000	0.000	0.000	0.000	0.000	
1985	SPC	ROI	ACQ	1	1	80	1	1340	138	260	103.948	66.890	0.000	0.000	0.000	0.000	0.000	60.000	135.00	0.000	0.000	0.000	0.000	0.000	0.000	0.000	0.000	
1986	SPC	ROI	ACQ	1	1	80	1	1340	138	260	103.948	66.890	0.000	0.000	0.000	0.000	0.000	60.000	135.00	0.000	0.000	0.000	0.000	0.000	0.000	0.000	0.000	
1987	SPC	ROI	ACQ	1	1	80	1	1340	138	260	103.916	67.107	0.000	0.000	0.000	0.000	0.000	60.000	135.00	0.000	0.000	0.000	0.000	0.000	0.000	0.000	0.000	
1988	SPC	ROI	ACQ	1	1	80	1	1340	138	260	103.916	67.107	0.000	0.000	0.000	0.000	0.000	60.000	135.20	0.000	0.000	0.000	0.000	0.000	0.000	0.000	0.000	
1989	SPC	ROI	ACQ	1	1	80	1	1340	138	260	104.286	66.833	0.000	0.000	0.000	0.000	0.000	60.000	135.20	0.000	0.000	0.000	0.000	0.000	0.000	0.000	0.000	
1990	SPC	ROI	ACQ	1	1	80	1	1340	138	260	104.286	66.833	0.000	0.000	0.000	0.000	0.000	60.000	135.20	0.000	0.000	0.000	0.000	0.000	0.000	0.000	0.000	
1991	SPC	ROI	ACQ	1	1	80	1	1340	138	260	103.964	67.011	0.000	0.000	0.000	0.000	0.000	60.000	135.40	0.000	0.000	0.000	0.000	0.000	0.000	0.000	0.000	
1992	SPC	ROI	ACQ	1	1	80	1	1340	138	260	103.964	67.011	0.000	0.000	0.000	0.000	0.000	60.000	135.40	0.000	0.000	0.000	0.000	0.000	0.000	0.000	0.000	
1993	SPC	ROI	ACQ	1	1	80	1	1340	138	260	103.996	67.075	0.000	0.000	0.000	0.000	0.000	60.000	135.40	0.000	0.000	0.000	0.000	0.000	0.000	0.000	0.000	
1994	SPC	ROI	ACQ	1	1	80	1	1340	138	260	103.996	67.059	0.000	0.000	0.000	0.000	0.000	60.000	135.60	0.000	0.000	0.000	0.000	0.000	0.000	0.000	0.000	
1995	SPC	ROI	ACQ	1	1	80	1	1340	138	260	103.996	67.059	0.000	0.000	0.000	0.000	0.000	60.000	135.60	0.000	0.000	0.000	0.000	0.000	0.000	0.000	0.000	
1996	SPC	ROI	ACQ	1	1	80	1	1340	138	260	104.262	67.107	0.000	0.000	0.000	0.000	0.000	60.000	135.60	0.000	0.000	0.000	0.000	0.000	0.000	0.000	0.000	
1997	SPC	ROI	ACQ	1	1	80	1	1340	138	260	104.262	67.107	0.000	0.000	0.000	0.000	0.000	60.000	135.80	0.000	0.000	0.000	0.000	0.000	0.000	0.000	0.000	
1998	SPC	ROI	ACQ	1	1	80	1	1340	138	260	104.012	66.793	0.000	0.000	0.000	0.000	0.000	60.000	135.80	0.000	0.000	0.000	0.000	0.000	0.000	0.000	0.000	
1999	SPC	ROI	ACQ	1	1	80	1	1340	138	260	104.012	66.793	0.000	0.000	0.000	0.000	0.000	60.000	135.80	0.000	0.000	0.000	0.000	0.000	0.000	0.000	0.000	
2000	SPC	ROI	ACQ	1	1	80	1	1340	138	260	104.165	66.841	0.000	0.000	0.000	0.000	0.000	60.000	136.00	0.000	0.000	0.000	0.000	0.000	0.000	0.000	0.000	
2001	SPC	ROI	ACQ	1	1	80	1	1340	138	260	103.883	66.922	0.000	0.000	0.000	0.000	0.000	60.000	136.00	0.000	0.000	0.000	0.000	0.000	0.000	0.000	0.000	
2002	SPC	ROI	ACQ	1	1	80	1	1340	138	260	103.883	66.922	0.000	0.000	0.000	0.000	0.000	60.000	136.00	0.000	0.000	0.000	0.000	0.000	0.000	0.000	0.000	
2003	SPC	ROI	ACQ	1	1	80	1	1340	138	260	103.867	66.793	0.000	0.000	0.000	0.000	0.000	60.000	136.20	0.000	0.000	0.000	0.000	0.000	0.000	0.000	0.000	
2004	SPC	ROI	ACQ	1	1	80	1	1340	138	260	103.867	66.793	0.000	0.000	0.000	0.000	0.000	60.000	136.20	0.000	0.000	0.000	0.000	0.000	0.000	0.000	0.000	
2005	SPC	ROI	ACQ	1	1	80	1	1340	138	260	104.141	66.970	0.000	0.000	0.000	0.000	0.000	60.000	136.20	0.000	0.000	0.000	0.000	0.000	0.000	0.000	0.000	
2006	SPC	ROI	ACQ	1	1	80	1	1340	138	260	103.948	67.115	0.000	0.000	0.000	0.000	0.000	60.000	136.40	0.000	0.000	0.000	0.000	0.000	0.000	0.000	0.000	
2007	SPC	ROI	ACQ	1	1	80	1	1340	138	260	103.948	67.115	0.000	0.000	0.000	0.000	0.000	60.000	136.40	0.000	0.000	0.000	0.000	0.000	0.000	0.000	0.000	
2008	SPC	ROI	ACQ	1	1	80	1	1340	138	260	104.085	67.220	0.000	0.000	0.000	0.000	0.000	60.000	136.40	0.000	0.000	0.000	0.000	0.000	0.000	0.000	0.000	
2009	SPC	ROI	ACQ	1	1	80	1	1340	138	260	104.085	67.220	0.000	0.000	0.000	0.000	0.000	60.000	136.60	0.000	0.000	0.000	0.000	0.000	0.000	0.000	0.000	
2010	SPC	ROI	ACQ	1	1	80	1	1340	138	260	103.908	67.293	0.000	0.000	0.000	0.000	0.000	60.000	136.60	0.000	0.000	0.000	0.000	0.000	0.000	0.000	0.000	
2011	SPC	ROI	ACQ	1	1	80	1	1340	138	260	103.908	67.293	0.000	0.000	0.000	0.000	0.000	60.000	136.60	0.000	0.000	0.000	0.000	0.000	0.000	0.000	0.000	
2012	SPC	ROI	ACQ	1	1	80	1	1340	138	260	104.012	67.131	0.000	0.000	0.000	0.000	0.000	60.000	136.80	0.000	0.000	0.000	0.000	0.000	0.000	0.000	0.000	
2013	SPC	ROI	ACQ	1	1	80	1	1340	138	260	104.359	66.769	0.000	0.000	0.000	0.000	0.000	60.000	136.80	0.000	0.000	0.000	0.000	0.000	0.000	0.000	0.000	
2014	SPC	ROI	ACQ	1	1	80	1	1340	138	260	104.359	66.769	0.000	0.000	0.000	0.000	0.000	60.000	136.80	0.000	0.000	0.000	0.000	0.000	0.000	0.000	0.000	
2015	SPC	ROI	ACQ	1	1	80	1	1340	138	260	103.996	66.906	0.000	0.000	0.000	0.000	0.000	60.000	137.00	0.000	0.000	0.000	0.000	0.000	0.000	0.000	0.000	
2016	SPC	ROI	ACQ	1	1	80	1	1340	138	260	103.996	66.906	0.000	0.000	0.000	0.000	0.000	60.000	137.00	0.000	0.000	0.000	0.000	0.000	0.000	0.000	0.000	
2017	SPC	ROI	ACQ	1	1	80	1	1340	138	260	104.222	66.833	0.000	0.000	0.000	0.000	0.000	60.000	137.00	0.000	0.000	0.000	0.000	0.000	0.000	0.000	0.000	
2018	SPC	ROI	ACQ	1	1	80	1	1340	138	260	103.956	67.099	0.000	0.000	0.000	0.000	0.000	60.000	137.20	0.000	0.000	0.000	0.000	0.000	0.000	0.000	0.000	
2019	SPC	ROI	ACQ	1	1	80	1	1340	138	260	103.956	67.099	0.000	0.000	0.000	0.000	0.000	60.000	137.20	0.000	0.000	0.000	0.000	0.000	0.000	0.000	0.000	
2020	SPC	ROI	ACQ	1	1	80	1	1340	138	260	103.875	66.793	0.000	0.000	0.000	0.000	0.000	60.000	137.20	0.000	0.000	0.000	0.000	0.000	0.000	0.000	0.000	
2021	SPC	ROI	ACQ	1	1	80	1	1340	138	260	104.278	66.648	0.000	0.000	0.000	0.000	0.000	60.000	137.40	0.000	0.000	0.000	0.000	0.000	0.000	0.000	0.000	
2022	SPC	ROI	ACQ	1	1	80	1	1340	138	260	104.278	66.648	0.000	0.000	0.000	0.000	0.000	60.000	137.40	0.000	0.000	0.000	0.000	0.000	0.000	0.000	0.000	
2023	SPC	ROI	ACQ	1	1	80	1	1340	138	260	104.278	66.648	0.000	0.000	0.000	0.000	0.000	60.000	137.40	0.000	0.000	0.000	0.000	0.000	0.000	0.000	0.000	
2024	SPC	ROI	ACQ	1	1	80	1	1340	138	260	103.972	66.745	0.000	0.000	0.000	0.000	0.000	60.000	137.60	0.000	0.000	0.000	0.000	0.000	0.000	0.000	0.000	
2025	SPC	ROI	ACQ	1	1	80	1	1340	138	260	104.399	66.970	0.000	0.000	0.000	0.000	0.000	60.000	137.60	0.000	0.000	0.000	0.000	0.000	0.000	0.000	0.000	
2026	SPC	ROI	ACQ	1	1	80	1	1340	138	260	104.399	66.970	0.000	0.000	0.000	0.000	0.000	60.000	137.60	0.000	0.000	0.000	0.000	0.000	0.000	0.000	0.000	
2027	SPC	ROI	ACQ	1	1	80	1	1340	138	260	104.383	66.938	0.000	0.000	0.000	0.000	0.000	60.000	137.80	0.000	0.000	0.000	0.000	0.000	0.000	0.000	0.000	
2028	SPC	ROI	ACQ	1	1	80	1	1340	138	260	104.157	67.035	0.000	0.000	0.000	0.000	0.000	60.000	137.80	0.000	0.000	0.000	0.000	0.000	0.000	0.000	0.000	
2029	SPC	ROI	ACQ	1	1	80	1	1340	138	260	103.859	66.769	0.000	0.000	0.000	0.000	0.000	60.000	137.80	0.000	0.000	0.000	0.000	0.000	0.000	0.000	0.000	
2030	SPC	ROI	ACQ	1	1	80	1	1340	138	260	103.859	66.769	0.000	0.000	0.000	0.000	0.000	60.000	138.00	0.000	0.000	0.000	0.000	0.000	0.000	0.000	0.000	
2031	SPC	ROI	ACQ	1	1	80	1	1340	138	260	104.004	66.825	0.000	0.000	0.000	0.000	0.000	60.000	138.00	0.000	0.000	0.000	0.000	0.000	0.000	0.000	0.000	
2032	SPC	ROI	ACQ	1	1	80	1	1340	138	260	104.310	67.083	0.000	0.000	0.000	0.000	0.000	60.000	138.00	0.000	0.000	0.000	0.000	0.000	0.000	0.000	0.000	
2033	SPC	ROI	ACQ	1	1	80	1	1340	138	260	103.932	66.809	0.000	0.000	0.000	0.000	0.000	60.000	138.20	0.000	0.000	0.000	0.000	0.000	0.000	0.000	0.000	
2034	SPC	ROI	ACQ	1	1	80	1	1340	138	260	103.932	66.809	0.000	0.000	0.000	0.000	0.000	60.000	138.20	0.000	0.000	0.000	0.000	0.000	0.000	0.000	0.000	
2035	SPC	ROI	ACQ	1	1	80	1	1340	138	260	104.262	66.737	0.000	0.000	0.000	0.000	0.000	60.000	138.20	0.000	0.000	0.000	0.000	0.000	0.000	0.000	0.000	
2036	SPC	ROI	ACQ	1	1	80	1	1340	138	260	104.262	66.737	0.000	0.000	0.000	0.000	0.000	60.000	138.40	0.000	0.000	0.000	0.000	0.000	0.000	0.000	0.000	
2037	SPC	ROI	ACQ	1	1	80	1	1340	138	260	104.190	66.857	0.000	0.000	0.000	0.000	0.000	60.000	138.40	0.000	0.000	0.000	0.000	0.000	0.000	0.000	0.000	
2038	SPC	ROI	ACQ	1	1	80	1	1340	138	260	104.190	66.857	0.000	0.000	0.000	0.000	0.000	60.000	138.40	0.000	0.000	0.000	0.000	0.000	0.000	0.000	0.000	
2039	SPC	ROI	ACQ	1	1	80	1	1340	138	260	104.149	66.664	0.000	0.000	0.000	0.000	0.000	60.000	138.60	0.000	0.000	0.000	0.000	0.000	0.000	0.000	0.000	
2040	SPC	ROI	ACQ	1	1	80	1	1340	138	260	103.996	67.043	0.000	0.000	0.000	0.000	0.000	60.000	138.60	0.000	0.000	0.000	0.000	0.000	0.000	0.000	0.000	
2041	SPC	ROI	ACQ	1	1	80	1	1340	138	260	103.996	67.043	0.000	0.000	0.000	0.000	0.000	60.000	138.60	0.000	0.000	0.000	0.000	0.000	0.000	0.000	0.000	
2042	SPC	ROI	ACQ	1	1	80	1	1340	138	260	104.012	66.600	0.000	0.000	0.000	0.000	0.000	60.000	138.80	0.000	0.000	0.000	0.000	0.000	0.000	0.000	0.000	
2043	SPC	ROI	ACQ	1	1	80	1	1340	138	260	104.061	66.890	0.000	0.000	0.000	0.000	0.000	60.000	138.80	0.000	0.000	0.000	0.000	0.000	0.000	0.000	0.000	
2044	SPC	ROI	ACQ	1	1	80	1	1340	138	260	104.061	66.890	0.000	0.000	0.000	0.000	0.000	60.000	138.80	0.000	0.000	0.000	0.000	0.000	0.000	0.000	0.000	
2045	SPC	ROI	ACQ	1	1	80	1	1340	138	260	103.972	66.865	0.000	0.000	0.000	0.000	0.000	60.000	139.00	0.000	0.000	0.000	0.000	0.000	0.000	0.000	0.000	
2046	SPC	ROI	ACQ	1	1	80	1	1340	138	260	103.972	66.865	0.000	0.000	0.000	0.000	0.000	60.000	139.00	0.000	0.000	0.000	0.000	0.000	0.000	0.000	0.000	
2047	SPC	ROI	ACQ	1	1	80	1	1340	138	260	103.900	66.857	0.000	0.000	0.000	0.000	0.000	60.000	139.00	0.000	0.000	0.000	0.000	0.000	0.000	0.000	0.000	
2048	SPC	ROI	ACQ	1	1	80	1	1340	138	260	104.109	66.946	0.000	0.000	0.000	0.000	0.000	60.000	139.20	0.000	0.000	0.000	0.000	0.000	0.000	0.000	0.000	
2049	SPC	ROI	ACQ	1	1	80	1	1340	138	260	104.109	66.946	0.000	0.000	0.000	0.000	0.000	60.000	139.20	0.000	0.000	0.000	0.000	0.000	0.000	0.000	0.000	
2050	SPC	ROI	ACQ	1	1	80	1	1340	138	260	104.415	66.882	0.000	0.000	0.000	0.000	0.000	60.000	139.20	0.000	0.000	0.000	0.000	0.000	0.000	0.000	0.000	
2051	SPC	ROI	ACQ	1	1	80	1	1340	138	260	104.415	66.882	0.000	0.000	0.000	0.000	0.000	60.000	139.40	0.000	0.000	0.000	0.000	0.000	0.000	0.000	0.000	
2052	SPC	ROI	ACQ	1	1	80	1	1340	138	260	104.319	66.841	0.000	0.000	0.000	0.000	0.000	60.000	139.40	0.000	0.000	0.000	0.000	0.000	0.000	0.000	0.000	
2053	SPC	ROI	ACQ	1	1	80	1	1340	138	260	104.319	66.841	0.000	0.000	0.000	0.000	0.000	60.000	139.40	0.000	0.000	0.000	0.000	0.000	0.000	0.000	0.000	
2054	SPC	ROI	ACQ	1	1	80	1	1340	138	260	103.867	67.180	0.000	0.000	0.000	0.000	0.000	60.000	139.60	0.000	0.000	0.000	0.000	0.000	0.000	0.000	0.000	
2055	SPC	ROI	ACQ	1	1	80	1	1340	138	260	103.883	66.962	0.000	0.000	0.000	0.000	0.000	60.000	139.60	0.000	0.000	0.000	0.000	0.000	0.000	0.000	0.000	
2056	SPC	ROI	ACQ	1	1	80	1	1340	138	260	103.883	66.962	0.000	0.000	0.000	0.000	0.000	60.000	139.60	0.000	0.000	0.000	0.000	0.000	0.000	0.000	0.000	
2057	SPC	ROI	ACQ	1	1	80	1	1340	138	260	104.222	66.954	0.000	0.000	0.000	0.000	0.000	60.000	139.80	0.000	0.000	0.000	0.000	0.000	0.000	0.000	0.000	
2058	SPC	ROI	ACQ	1	1	80	1	1340	138	260	104.222	66.954	0.000	0.000	0.000	0.000	0.000	60.000	139.80	0.000	0.000	0.000	0.000	0.000	0.000	0.000	0.000	
2059	SPC	ROI	ACQ	1	1	80	1	1340	138	260	104.109	66.841	0.000	0.000	0.000	0.000	0.000	60.000	139.80	0.000	0.000	0.000	0.000	0.000	0.000	0.000	0.000	
2060	SPC	ROI	ACQ	1	1	80	1	1340	138	260	104.109	66.841	0.000	0.000	0.000	0.000	0.000	60.000	140.00	0.000	0.000	0.000	0.000	0.000	0.000	0.000	0.000	
2061	SPC	ROI	ACQ	1	1	80	1	1340	138	260	104.085	66.890	0.000	0.000	0.000	0.000	0.000	60.000	140.00	0.000	0.000	0.000	0.000	0.000	0.000	0.000	0.000	
2062	SPC	ROI	ACQ	1	1	80	1	1340	138	260	104.085	66.890	0.000	0.000	0.000	0.000	0.000	60.000	140.00	0.000	0.000	0.000	0.000	0.000	0.000	0.000	0.000	
